# Constructed from biom file
#OTU ID	515rcbc32	515rcbc25	515rcbc16	515rcbc34	515rcbc29	515rcbc11	515rcbc31	515rcbc33	515rcbc10	515rcbc9	515rcbc8	515rcbc12	515rcbc27	515rcbc19	515rcbc30	515rcbc23	515rcbc22	515rcbc28	515rcbc37	515rcbc17	515rcbc14	515rcbc35	515rcbc18	515rcbc13	515rcbc36	515rcbc15	515rcbc24	515rcbc21	515rcbc26	515rcbc20
D_0__Archaea;D_1__Euryarchaeota;D_2__Methanobacteria;D_3__Methanobacteriales	0.0	0.0	0.0	0.0	0.0	0.0	0.0	0.0	0.0	0.00166666666667	0.0	0.0	0.0	0.0	0.0	0.0	0.0	0.0	0.0	0.0	0.0	0.0	0.0	0.0	0.0	0.0	0.0	0.0	0.0	0.0
D_0__Archaea;D_1__Euryarchaeota;D_2__Thermoplasmata;D_3__Marine Group II	0.0	0.0	0.0	0.0	0.0	0.0	0.0	0.0	0.0	0.0	0.0	0.0	0.0	0.0	0.0	0.0	0.0	0.0	0.0	0.00166666666667	0.0	0.0	0.0	0.0	0.0	0.0	0.0	0.0	0.0	0.0
D_0__Archaea;D_1__Nanoarchaeaeota;D_2__Woesearchaeia;D_3__uncultured euryarchaeote	0.0	0.0	0.0	0.0	0.0	0.0	0.0	0.0	0.0	0.0	0.0	0.0	0.0	0.0	0.0	0.0	0.0	0.0	0.0	0.0	0.0	0.0	0.0	0.0	0.0	0.0	0.00166666666667	0.0	0.0	0.0
D_0__Archaea;D_1__Thaumarchaeota;D_2__Nitrososphaeria;D_3__Nitrososphaerales	0.0133333333333	0.01	0.0283333333333	0.0383333333333	0.0233333333333	0.00833333333333	0.01	0.0233333333333	0.015	0.065	0.00333333333333	0.0	0.0183333333333	0.025	0.0583333333333	0.0266666666667	0.015	0.0633333333333	0.0233333333333	0.0383333333333	0.0416666666667	0.0316666666667	0.03	0.0333333333333	0.00833333333333	0.035	0.0566666666667	0.0183333333333	0.0616666666667	0.02
D_0__Archaea;D_1__Thaumarchaeota;D_2__Nitrososphaeria;D_3__Nitrosotaleales	0.0	0.0	0.0	0.0	0.0	0.0	0.0	0.0	0.0	0.0	0.00333333333333	0.0	0.0	0.0	0.0	0.0	0.0	0.0	0.0	0.0	0.0	0.0	0.0	0.0	0.0	0.0	0.0	0.0	0.0	0.0
D_0__Bacteria;D_1__Acidobacteria;D_2__AT-s3-28;D_3__uncultured bacterium	0.0	0.0	0.0	0.0	0.0	0.00166666666667	0.0	0.0	0.0	0.0	0.0	0.0	0.0	0.0	0.0	0.0	0.0	0.0	0.0	0.0	0.0	0.0	0.00166666666667	0.00166666666667	0.0	0.0	0.0	0.0	0.0	0.0
D_0__Bacteria;D_1__Acidobacteria;D_2__Acidobacteriia;D_3__Acidobacteriales	0.0266666666667	0.045	0.02	0.0	0.0	0.01	0.015	0.00666666666667	0.00333333333333	0.0	0.0566666666667	0.0	0.0	0.005	0.0	0.0	0.0	0.0	0.0	0.0	0.0	0.0	0.0	0.0	0.0	0.0	0.0	0.0	0.0	0.005
D_0__Bacteria;D_1__Acidobacteria;D_2__Acidobacteriia;D_3__Solibacterales	0.02	0.0316666666667	0.00833333333333	0.00333333333333	0.00333333333333	0.00666666666667	0.00333333333333	0.005	0.00833333333333	0.00166666666667	0.015	0.00833333333333	0.00166666666667	0.00166666666667	0.0	0.00333333333333	0.00166666666667	0.005	0.00833333333333	0.0	0.00333333333333	0.0	0.00166666666667	0.00333333333333	0.00333333333333	0.00333333333333	0.00166666666667	0.005	0.00166666666667	0.005
D_0__Bacteria;D_1__Acidobacteria;D_2__Acidobacteriia;D_3__Subgroup 13	0.0	0.0	0.0	0.0	0.00166666666667	0.0	0.0	0.0	0.0	0.0	0.00833333333333	0.0	0.0	0.0	0.0	0.0	0.0	0.0	0.0	0.0	0.0	0.0	0.0	0.0	0.0	0.0	0.0	0.0	0.0	0.0
D_0__Bacteria;D_1__Acidobacteria;D_2__Acidobacteriia;D_3__Subgroup 2	0.00333333333333	0.015	0.0	0.0	0.0	0.00166666666667	0.00333333333333	0.0	0.005	0.0	0.0366666666667	0.0	0.0	0.00166666666667	0.0	0.0	0.0	0.0	0.0	0.0	0.0	0.0	0.0	0.0	0.0	0.0	0.0	0.0	0.0	0.0
D_0__Bacteria;D_1__Acidobacteria;D_2__Blastocatellia (Subgroup 4);D_3__11-24	0.00333333333333	0.0	0.00666666666667	0.01	0.01	0.0	0.00666666666667	0.005	0.0116666666667	0.00666666666667	0.0	0.00833333333333	0.0116666666667	0.00666666666667	0.00166666666667	0.00166666666667	0.02	0.0166666666667	0.00166666666667	0.0133333333333	0.01	0.0416666666667	0.0133333333333	0.0133333333333	0.0	0.00833333333333	0.01	0.0133333333333	0.0116666666667	0.00833333333333
D_0__Bacteria;D_1__Acidobacteria;D_2__Blastocatellia (Subgroup 4);D_3__Blastocatellales	0.0183333333333	0.025	0.0116666666667	0.01	0.015	0.0116666666667	0.0166666666667	0.0116666666667	0.01	0.0166666666667	0.005	0.0333333333333	0.015	0.0133333333333	0.0183333333333	0.0316666666667	0.025	0.0133333333333	0.025	0.01	0.00833333333333	0.00833333333333	0.0116666666667	0.01	0.00166666666667	0.01	0.0183333333333	0.0116666666667	0.0216666666667	0.0116666666667
D_0__Bacteria;D_1__Acidobacteria;D_2__Blastocatellia (Subgroup 4);D_3__DS-100	0.00166666666667	0.0	0.0	0.0	0.0	0.00166666666667	0.0	0.0	0.0	0.0	0.0	0.0	0.0	0.0	0.0	0.0	0.00166666666667	0.0	0.00166666666667	0.00166666666667	0.0	0.0	0.0	0.0	0.00166666666667	0.00333333333333	0.0	0.0	0.0	0.0
D_0__Bacteria;D_1__Acidobacteria;D_2__Blastocatellia (Subgroup 4);D_3__Pyrinomonadales	0.00833333333333	0.015	0.02	0.0166666666667	0.00666666666667	0.0116666666667	0.02	0.0133333333333	0.0166666666667	0.045	0.0116666666667	0.00666666666667	0.00166666666667	0.0183333333333	0.0133333333333	0.015	0.005	0.0133333333333	0.00666666666667	0.00166666666667	0.015	0.07	0.02	0.0116666666667	0.005	0.00833333333333	0.015	0.015	0.00666666666667	0.00666666666667
D_0__Bacteria;D_1__Acidobacteria;D_2__Holophagae;D_3__Subgroup 7	0.00166666666667	0.00166666666667	0.00166666666667	0.00166666666667	0.00333333333333	0.00333333333333	0.00166666666667	0.00166666666667	0.00166666666667	0.005	0.005	0.00166666666667	0.00333333333333	0.00166666666667	0.00666666666667	0.00333333333333	0.00666666666667	0.00166666666667	0.00833333333333	0.00333333333333	0.00666666666667	0.00166666666667	0.00333333333333	0.005	0.0	0.00333333333333	0.00166666666667	0.00666666666667	0.00333333333333	0.0
D_0__Bacteria;D_1__Acidobacteria;D_2__Subgroup 11;Ambiguous_taxa	0.0	0.0	0.0	0.0	0.0	0.0	0.0	0.0	0.0	0.0	0.0	0.0	0.0	0.0	0.0	0.0	0.0	0.0	0.0	0.0	0.0	0.0	0.0	0.0	0.0	0.0	0.0	0.00166666666667	0.0	0.0
D_0__Bacteria;D_1__Acidobacteria;D_2__Subgroup 11;D_3__uncultured Acidobacteria bacterium	0.0	0.0	0.00166666666667	0.0183333333333	0.00666666666667	0.0	0.00166666666667	0.00166666666667	0.00333333333333	0.005	0.0	0.00166666666667	0.00333333333333	0.00333333333333	0.00666666666667	0.00333333333333	0.00333333333333	0.00166666666667	0.00166666666667	0.00166666666667	0.00333333333333	0.00166666666667	0.00333333333333	0.00166666666667	0.0	0.0	0.0	0.00333333333333	0.02	0.0
D_0__Bacteria;D_1__Acidobacteria;D_2__Subgroup 15;D_3__uncultured bacterium	0.0	0.0	0.0	0.0	0.0	0.0	0.0	0.0	0.0	0.0	0.00333333333333	0.0	0.0	0.0	0.00666666666667	0.00166666666667	0.0	0.0	0.0	0.0	0.0	0.00166666666667	0.00166666666667	0.0	0.0	0.0	0.0	0.0	0.0	0.0
D_0__Bacteria;D_1__Acidobacteria;D_2__Subgroup 17;Ambiguous_taxa	0.005	0.0	0.0	0.0	0.0	0.0	0.00166666666667	0.0	0.0	0.0	0.00166666666667	0.00833333333333	0.00166666666667	0.0	0.0	0.00333333333333	0.00333333333333	0.00166666666667	0.0	0.00333333333333	0.00166666666667	0.005	0.0	0.0	0.0	0.005	0.00166666666667	0.00333333333333	0.0	0.005
D_0__Bacteria;D_1__Acidobacteria;D_2__Subgroup 17;D_3__uncultured Acidobacteria bacterium	0.0	0.0	0.0	0.00166666666667	0.0	0.0	0.0	0.0	0.0	0.0	0.0	0.0	0.0	0.0	0.0	0.0	0.0	0.0	0.0	0.0	0.0	0.0	0.0	0.0	0.0	0.0	0.0	0.005	0.00333333333333	0.0
D_0__Bacteria;D_1__Acidobacteria;D_2__Subgroup 17;D_3__uncultured bacterium	0.00166666666667	0.0	0.0	0.00666666666667	0.00333333333333	0.0	0.0	0.00333333333333	0.00166666666667	0.00166666666667	0.00166666666667	0.00166666666667	0.005	0.0	0.00166666666667	0.0	0.00333333333333	0.005	0.0	0.005	0.0	0.0	0.00333333333333	0.00666666666667	0.0	0.00833333333333	0.00666666666667	0.00333333333333	0.00166666666667	0.0
D_0__Bacteria;D_1__Acidobacteria;D_2__Subgroup 18;Ambiguous_taxa	0.0	0.0	0.0	0.005	0.0	0.0	0.0	0.00166666666667	0.0	0.00166666666667	0.0	0.0	0.0	0.0	0.0	0.0	0.0	0.00166666666667	0.0	0.0	0.0	0.0	0.0	0.0	0.0	0.0	0.0	0.00333333333333	0.00833333333333	0.0
D_0__Bacteria;D_1__Acidobacteria;D_2__Subgroup 20;D_3__uncultured bacterium	0.0	0.0	0.0	0.0	0.0	0.0	0.0	0.0	0.0	0.0	0.0	0.0	0.0	0.0	0.0	0.0	0.0	0.0	0.0	0.0	0.0	0.0	0.0	0.0	0.0	0.0	0.0	0.0	0.00166666666667	0.0
D_0__Bacteria;D_1__Acidobacteria;D_2__Subgroup 22;Ambiguous_taxa	0.0	0.0	0.0	0.005	0.0	0.00166666666667	0.0	0.00333333333333	0.0	0.0	0.0	0.00166666666667	0.00166666666667	0.0	0.00166666666667	0.0	0.00833333333333	0.00166666666667	0.00333333333333	0.0	0.00333333333333	0.0	0.00666666666667	0.00333333333333	0.0	0.0116666666667	0.00166666666667	0.0133333333333	0.00666666666667	0.0
D_0__Bacteria;D_1__Acidobacteria;D_2__Subgroup 22;D_3__uncultured Acidobacteria bacterium	0.0	0.0	0.0	0.0	0.0	0.0	0.0	0.0	0.0	0.0	0.0	0.0	0.0	0.0	0.0	0.0	0.0	0.0	0.0	0.0	0.0	0.0	0.0	0.0	0.0	0.0	0.0	0.00166666666667	0.0	0.0
D_0__Bacteria;D_1__Acidobacteria;D_2__Subgroup 22;D_3__uncultured bacterium	0.0	0.00166666666667	0.00333333333333	0.0116666666667	0.005	0.00166666666667	0.0	0.0	0.00666666666667	0.0	0.0	0.00333333333333	0.00333333333333	0.00166666666667	0.005	0.00166666666667	0.00833333333333	0.005	0.0	0.00333333333333	0.00333333333333	0.00166666666667	0.0133333333333	0.005	0.0	0.005	0.00833333333333	0.025	0.00833333333333	0.00333333333333
D_0__Bacteria;D_1__Acidobacteria;D_2__Subgroup 25;Ambiguous_taxa	0.0	0.0	0.0	0.0	0.0	0.0	0.0	0.0	0.0	0.0	0.0	0.0	0.0	0.0	0.00333333333333	0.0	0.0	0.0	0.0	0.0	0.0	0.0	0.00166666666667	0.0	0.0	0.0	0.0	0.0	0.0	0.0
D_0__Bacteria;D_1__Acidobacteria;D_2__Subgroup 25;D_3__uncultured Acidobacteria bacterium	0.0	0.0	0.00166666666667	0.0	0.0	0.0	0.0	0.0	0.0	0.0	0.0	0.0	0.0	0.0	0.0	0.0	0.0	0.0	0.0	0.0	0.0	0.0	0.0	0.0	0.0	0.0	0.0	0.0	0.0	0.0
D_0__Bacteria;D_1__Acidobacteria;D_2__Subgroup 25;D_3__uncultured bacterium	0.0	0.0	0.0	0.0	0.00166666666667	0.0	0.0	0.0	0.00166666666667	0.00166666666667	0.0	0.0	0.00166666666667	0.0	0.0	0.0	0.00166666666667	0.00166666666667	0.0	0.00166666666667	0.0	0.0	0.005	0.00166666666667	0.0	0.005	0.00166666666667	0.00166666666667	0.00166666666667	0.0
D_0__Bacteria;D_1__Acidobacteria;D_2__Subgroup 5;Ambiguous_taxa	0.00166666666667	0.0	0.00333333333333	0.00166666666667	0.0	0.00166666666667	0.00333333333333	0.00333333333333	0.01	0.00833333333333	0.00166666666667	0.00333333333333	0.00333333333333	0.00833333333333	0.00166666666667	0.0133333333333	0.00333333333333	0.00666666666667	0.00833333333333	0.00333333333333	0.01	0.00166666666667	0.005	0.00833333333333	0.0	0.005	0.00166666666667	0.00666666666667	0.00166666666667	0.00166666666667
D_0__Bacteria;D_1__Acidobacteria;D_2__Subgroup 5;D_3__metagenome	0.00333333333333	0.00333333333333	0.0	0.00166666666667	0.0	0.00333333333333	0.0	0.00166666666667	0.0	0.0	0.0	0.0	0.0	0.00166666666667	0.0	0.0	0.0	0.00333333333333	0.0	0.0	0.0	0.0	0.0	0.0	0.0	0.0	0.0	0.0	0.0	0.0
D_0__Bacteria;D_1__Acidobacteria;D_2__Subgroup 5;D_3__uncultured Acidobacteria bacterium	0.0	0.0	0.0	0.00166666666667	0.0	0.0	0.0	0.0	0.00166666666667	0.0	0.0	0.0	0.0	0.0	0.0	0.0	0.0	0.0	0.0	0.0	0.0	0.0	0.0	0.0	0.0	0.0	0.0	0.0	0.0	0.0
D_0__Bacteria;D_1__Acidobacteria;D_2__Subgroup 5;D_3__uncultured bacterium	0.00166666666667	0.00166666666667	0.00166666666667	0.0	0.0	0.0	0.0	0.0	0.0	0.0	0.0	0.00166666666667	0.0	0.00333333333333	0.0	0.00166666666667	0.00166666666667	0.00166666666667	0.00166666666667	0.00166666666667	0.00166666666667	0.00166666666667	0.00166666666667	0.00166666666667	0.0	0.0	0.0	0.0	0.005	0.00333333333333
D_0__Bacteria;D_1__Acidobacteria;D_2__Subgroup 6;Ambiguous_taxa	0.0533333333333	0.0316666666667	0.0466666666667	0.02	0.035	0.0383333333333	0.0366666666667	0.0283333333333	0.055	0.0383333333333	0.03	0.0483333333333	0.0366666666667	0.0416666666667	0.0266666666667	0.0383333333333	0.0366666666667	0.0333333333333	0.0316666666667	0.0266666666667	0.0216666666667	0.0316666666667	0.0433333333333	0.0266666666667	0.015	0.03	0.0366666666667	0.04	0.0333333333333	0.0383333333333
D_0__Bacteria;D_1__Acidobacteria;D_2__Subgroup 6;D_3__Unknown Order	0.005	0.0166666666667	0.00333333333333	0.00166666666667	0.005	0.0	0.0	0.0	0.00166666666667	0.0	0.00333333333333	0.00166666666667	0.00166666666667	0.00333333333333	0.00333333333333	0.01	0.00166666666667	0.00333333333333	0.00333333333333	0.0	0.0	0.0	0.0	0.00166666666667	0.00333333333333	0.0	0.00166666666667	0.0	0.00166666666667	0.00333333333333
D_0__Bacteria;D_1__Acidobacteria;D_2__Subgroup 6;D_3__metagenome	0.0	0.00333333333333	0.00166666666667	0.0	0.005	0.005	0.0183333333333	0.00666666666667	0.00166666666667	0.00333333333333	0.00333333333333	0.005	0.01	0.00666666666667	0.00333333333333	0.00833333333333	0.00333333333333	0.00166666666667	0.00833333333333	0.0133333333333	0.00333333333333	0.00166666666667	0.005	0.00666666666667	0.0	0.00833333333333	0.015	0.00666666666667	0.00833333333333	0.00333333333333
D_0__Bacteria;D_1__Acidobacteria;D_2__Subgroup 6;D_3__uncultured Acidobacteria bacterium	0.0116666666667	0.00666666666667	0.005	0.00666666666667	0.0116666666667	0.015	0.0116666666667	0.00666666666667	0.0166666666667	0.0116666666667	0.0133333333333	0.0183333333333	0.0233333333333	0.01	0.0166666666667	0.0116666666667	0.00833333333333	0.00833333333333	0.015	0.025	0.00833333333333	0.0133333333333	0.0216666666667	0.00833333333333	0.00833333333333	0.0116666666667	0.00833333333333	0.005	0.0183333333333	0.0133333333333
D_0__Bacteria;D_1__Acidobacteria;D_2__Subgroup 6;D_3__uncultured Acidobacteriales bacterium	0.0	0.0	0.0	0.0	0.0	0.0	0.0	0.0	0.0	0.0	0.0	0.0	0.0	0.0	0.0	0.0	0.00166666666667	0.0	0.0	0.0	0.0	0.0	0.0	0.0	0.0	0.0	0.0	0.0	0.0	0.0
D_0__Bacteria;D_1__Acidobacteria;D_2__Subgroup 6;D_3__uncultured Thermoanaerobaculum sp.	0.005	0.0	0.0	0.0	0.0	0.0	0.00166666666667	0.00333333333333	0.0	0.00166666666667	0.0	0.0	0.00166666666667	0.0	0.00333333333333	0.00166666666667	0.0	0.00166666666667	0.00166666666667	0.00166666666667	0.0	0.00166666666667	0.0	0.00333333333333	0.0	0.0	0.00166666666667	0.0	0.0	0.00166666666667
D_0__Bacteria;D_1__Acidobacteria;D_2__Subgroup 6;D_3__uncultured bacterium	0.0433333333333	0.0116666666667	0.0233333333333	0.05	0.0466666666667	0.045	0.06	0.0333333333333	0.0466666666667	0.0333333333333	0.0233333333333	0.04	0.0416666666667	0.0316666666667	0.0483333333333	0.0483333333333	0.0366666666667	0.0616666666667	0.0333333333333	0.0466666666667	0.0433333333333	0.0533333333333	0.0583333333333	0.0516666666667	0.00833333333333	0.0466666666667	0.0733333333333	0.03	0.06	0.0466666666667
D_0__Bacteria;D_1__Acidobacteria;D_2__Subgroup 6;D_3__uncultured proteobacterium	0.0	0.0	0.0	0.0	0.0	0.0	0.0	0.0	0.0	0.0	0.0	0.0	0.0	0.0	0.0	0.0	0.0	0.0	0.0	0.00166666666667	0.0	0.0	0.0	0.0	0.0	0.0	0.0	0.0	0.0	0.0
D_0__Bacteria;D_1__Acidobacteria;D_2__Subgroup 6;D_3__unidentified	0.0	0.0	0.0	0.00166666666667	0.0	0.0	0.0	0.0	0.0	0.0	0.0	0.0	0.0	0.0	0.0	0.0	0.0	0.0	0.0	0.0	0.0	0.0	0.0	0.0	0.0	0.0	0.0	0.0	0.0	0.0
D_0__Bacteria;D_1__Acidobacteria;D_2__Subgroup 9;D_3__uncultured Acidobacteria bacterium	0.0	0.0	0.0	0.00166666666667	0.0	0.0	0.0	0.0	0.0	0.0	0.0	0.0	0.0	0.0	0.0	0.0	0.0	0.0	0.0	0.0	0.0	0.0	0.0	0.0	0.0	0.0	0.0	0.0	0.00166666666667	0.00166666666667
D_0__Bacteria;D_1__Acidobacteria;D_2__Thermoanaerobaculia;D_3__Thermoanaerobaculales	0.00333333333333	0.0	0.0	0.00166666666667	0.00333333333333	0.00166666666667	0.0	0.0	0.00166666666667	0.00833333333333	0.005	0.00166666666667	0.00666666666667	0.005	0.00166666666667	0.00333333333333	0.00166666666667	0.0	0.0	0.0	0.00166666666667	0.00333333333333	0.0	0.005	0.00166666666667	0.00166666666667	0.00333333333333	0.00333333333333	0.00333333333333	0.0133333333333
D_0__Bacteria;D_1__Actinobacteria;D_2__Acidimicrobiia;D_3__Actinomarinales	0.0	0.0	0.00166666666667	0.00166666666667	0.0	0.0	0.0	0.0	0.00166666666667	0.0	0.0	0.00333333333333	0.00166666666667	0.0	0.00666666666667	0.0	0.0	0.0	0.0	0.00166666666667	0.0	0.01	0.005	0.00166666666667	0.00166666666667	0.00166666666667	0.0	0.00333333333333	0.00666666666667	0.00333333333333
D_0__Bacteria;D_1__Actinobacteria;D_2__Acidimicrobiia;D_3__IMCC26256	0.005	0.00666666666667	0.00666666666667	0.00833333333333	0.0133333333333	0.00666666666667	0.005	0.0116666666667	0.0133333333333	0.00333333333333	0.005	0.00333333333333	0.00166666666667	0.00333333333333	0.00166666666667	0.00333333333333	0.00333333333333	0.00333333333333	0.0133333333333	0.01	0.00333333333333	0.00166666666667	0.00666666666667	0.005	0.00333333333333	0.00333333333333	0.00666666666667	0.00333333333333	0.00333333333333	0.00833333333333
D_0__Bacteria;D_1__Actinobacteria;D_2__Acidimicrobiia;D_3__Microtrichales	0.0	0.00333333333333	0.01	0.0116666666667	0.0133333333333	0.0	0.005	0.01	0.0183333333333	0.00833333333333	0.00166666666667	0.0116666666667	0.0216666666667	0.00666666666667	0.00833333333333	0.0166666666667	0.00666666666667	0.00666666666667	0.00333333333333	0.015	0.0116666666667	0.005	0.0266666666667	0.0133333333333	0.0	0.025	0.0183333333333	0.0133333333333	0.00666666666667	0.0116666666667
D_0__Bacteria;D_1__Actinobacteria;D_2__Acidimicrobiia;D_3__uncultured	0.0	0.00166666666667	0.0	0.0	0.00333333333333	0.0	0.0	0.0	0.00166666666667	0.00166666666667	0.0	0.0	0.00166666666667	0.00166666666667	0.0	0.0	0.0	0.00166666666667	0.0	0.00166666666667	0.00166666666667	0.00166666666667	0.0	0.0	0.0	0.00333333333333	0.00166666666667	0.0	0.0	0.0
D_0__Bacteria;D_1__Actinobacteria;D_2__Actinobacteria;D_3__Catenulisporales	0.0	0.00166666666667	0.00166666666667	0.0	0.0	0.0	0.0	0.0	0.0	0.0	0.0	0.0	0.0	0.0	0.0	0.0	0.0	0.0	0.0	0.0	0.0	0.0	0.0	0.0	0.0	0.0	0.0	0.0	0.0	0.0
D_0__Bacteria;D_1__Actinobacteria;D_2__Actinobacteria;D_3__Corynebacteriales	0.005	0.0	0.00333333333333	0.00166666666667	0.005	0.01	0.005	0.00333333333333	0.00166666666667	0.00333333333333	0.00166666666667	0.00166666666667	0.00333333333333	0.00666666666667	0.00333333333333	0.005	0.00833333333333	0.00333333333333	0.00333333333333	0.005	0.01	0.00166666666667	0.00166666666667	0.005	0.005	0.00666666666667	0.00666666666667	0.0	0.0	0.00333333333333
D_0__Bacteria;D_1__Actinobacteria;D_2__Actinobacteria;D_3__Frankiales	0.005	0.0183333333333	0.015	0.00166666666667	0.005	0.00166666666667	0.00333333333333	0.0116666666667	0.00333333333333	0.00333333333333	0.02	0.00166666666667	0.00333333333333	0.00333333333333	0.00666666666667	0.005	0.0	0.00166666666667	0.005	0.00666666666667	0.00166666666667	0.00333333333333	0.00166666666667	0.00333333333333	0.00166666666667	0.005	0.005	0.0	0.0	0.0
D_0__Bacteria;D_1__Actinobacteria;D_2__Actinobacteria;D_3__Glycomycetales	0.0	0.0	0.0	0.0	0.0	0.0	0.0	0.0	0.00166666666667	0.0	0.0	0.0	0.0	0.0	0.0	0.0	0.0	0.0	0.0	0.0	0.0	0.00166666666667	0.0	0.0	0.0	0.0	0.0	0.0	0.0	0.0
D_0__Bacteria;D_1__Actinobacteria;D_2__Actinobacteria;D_3__Kineosporiales	0.0	0.0	0.00166666666667	0.0	0.0	0.0	0.0	0.0	0.0	0.0	0.00166666666667	0.00333333333333	0.00333333333333	0.0	0.0	0.00166666666667	0.00166666666667	0.0	0.0	0.0	0.00166666666667	0.0	0.0	0.0	0.0	0.00166666666667	0.0	0.0	0.0	0.0
D_0__Bacteria;D_1__Actinobacteria;D_2__Actinobacteria;D_3__Micrococcales	0.00166666666667	0.00333333333333	0.01	0.00833333333333	0.0283333333333	0.00666666666667	0.0133333333333	0.00166666666667	0.005	0.005	0.00666666666667	0.00666666666667	0.0133333333333	0.00833333333333	0.0116666666667	0.01	0.0116666666667	0.005	0.0166666666667	0.0166666666667	0.005	0.005	0.015	0.0116666666667	0.00333333333333	0.01	0.0133333333333	0.005	0.00166666666667	0.02
D_0__Bacteria;D_1__Actinobacteria;D_2__Actinobacteria;D_3__Micromonosporales	0.0	0.0216666666667	0.00333333333333	0.00166666666667	0.005	0.00833333333333	0.005	0.00166666666667	0.00333333333333	0.00833333333333	0.00833333333333	0.00333333333333	0.00166666666667	0.00333333333333	0.00166666666667	0.00166666666667	0.00666666666667	0.00166666666667	0.00666666666667	0.00166666666667	0.00666666666667	0.00333333333333	0.00666666666667	0.00666666666667	0.0216666666667	0.0116666666667	0.00666666666667	0.00333333333333	0.00666666666667	0.00666666666667
D_0__Bacteria;D_1__Actinobacteria;D_2__Actinobacteria;D_3__PeM15	0.0	0.0	0.0	0.0	0.0	0.0	0.0	0.0	0.0	0.0	0.0	0.0	0.00166666666667	0.0	0.0	0.0	0.0	0.0	0.0	0.0	0.00166666666667	0.0	0.0	0.0	0.0	0.0	0.00166666666667	0.0	0.0	0.0
D_0__Bacteria;D_1__Actinobacteria;D_2__Actinobacteria;D_3__Propionibacteriales	0.0	0.005	0.005	0.00166666666667	0.0183333333333	0.01	0.00333333333333	0.0116666666667	0.005	0.00666666666667	0.01	0.01	0.00833333333333	0.0116666666667	0.00666666666667	0.0216666666667	0.005	0.00166666666667	0.01	0.01	0.01	0.00333333333333	0.0116666666667	0.00333333333333	0.00666666666667	0.0116666666667	0.00833333333333	0.005	0.00166666666667	0.00666666666667
D_0__Bacteria;D_1__Actinobacteria;D_2__Actinobacteria;D_3__Pseudonocardiales	0.0	0.0	0.005	0.00333333333333	0.005	0.00333333333333	0.0	0.00166666666667	0.0	0.00166666666667	0.00166666666667	0.00166666666667	0.00333333333333	0.0	0.0	0.00333333333333	0.00166666666667	0.005	0.00666666666667	0.005	0.005	0.005	0.00166666666667	0.00333333333333	0.0116666666667	0.00666666666667	0.00333333333333	0.00333333333333	0.0	0.00333333333333
D_0__Bacteria;D_1__Actinobacteria;D_2__Actinobacteria;D_3__Streptomycetales	0.00333333333333	0.00333333333333	0.005	0.005	0.005	0.00166666666667	0.00333333333333	0.0	0.00333333333333	0.005	0.00333333333333	0.00333333333333	0.00333333333333	0.005	0.00166666666667	0.00166666666667	0.00833333333333	0.00166666666667	0.00166666666667	0.00333333333333	0.00166666666667	0.00166666666667	0.00166666666667	0.00166666666667	0.0	0.00666666666667	0.00833333333333	0.0	0.00333333333333	0.00333333333333
D_0__Bacteria;D_1__Actinobacteria;D_2__Actinobacteria;D_3__Streptosporangiales	0.00166666666667	0.0	0.00333333333333	0.0	0.0	0.0	0.0	0.00166666666667	0.0	0.0	0.0	0.00166666666667	0.0	0.0	0.0	0.0	0.00166666666667	0.0	0.0	0.0	0.00166666666667	0.0	0.0	0.00166666666667	0.111666666667	0.0	0.0	0.00166666666667	0.0	0.0
D_0__Bacteria;D_1__Actinobacteria;D_2__MB-A2-108;Ambiguous_taxa	0.00166666666667	0.0	0.0	0.005	0.0	0.0	0.00333333333333	0.0	0.00333333333333	0.00166666666667	0.0	0.00166666666667	0.00333333333333	0.00166666666667	0.00333333333333	0.00333333333333	0.0	0.0	0.0	0.0	0.0	0.00166666666667	0.00166666666667	0.00166666666667	0.0	0.005	0.00166666666667	0.00166666666667	0.00166666666667	0.00666666666667
D_0__Bacteria;D_1__Actinobacteria;D_2__MB-A2-108;D_3__metagenome	0.0	0.0	0.0	0.015	0.015	0.00166666666667	0.00166666666667	0.01	0.00666666666667	0.0133333333333	0.00166666666667	0.0	0.00833333333333	0.00333333333333	0.00833333333333	0.00333333333333	0.005	0.00666666666667	0.00166666666667	0.0316666666667	0.00833333333333	0.00166666666667	0.0116666666667	0.005	0.0	0.0183333333333	0.00333333333333	0.00666666666667	0.0166666666667	0.00833333333333
D_0__Bacteria;D_1__Actinobacteria;D_2__MB-A2-108;D_3__uncultured bacterium	0.0	0.00166666666667	0.0	0.00833333333333	0.00333333333333	0.0	0.0	0.005	0.0	0.00166666666667	0.0	0.0	0.00166666666667	0.0	0.00166666666667	0.00166666666667	0.0	0.00666666666667	0.0	0.00166666666667	0.00166666666667	0.00166666666667	0.0	0.005	0.0	0.005	0.00333333333333	0.00166666666667	0.0	0.0
D_0__Bacteria;D_1__Actinobacteria;D_2__Rubrobacteria;D_3__Rubrobacterales	0.0	0.0	0.0	0.0	0.0	0.0	0.0	0.0	0.0	0.0	0.0	0.0	0.0	0.0	0.0	0.0	0.0	0.0	0.00166666666667	0.0	0.0	0.0	0.0	0.00166666666667	0.00166666666667	0.0	0.0	0.0	0.0	0.0
D_0__Bacteria;D_1__Actinobacteria;D_2__Thermoleophilia;D_3__Gaiellales	0.045	0.08	0.0366666666667	0.0483333333333	0.05	0.0316666666667	0.02	0.0516666666667	0.0316666666667	0.0383333333333	0.0383333333333	0.005	0.035	0.0166666666667	0.0483333333333	0.025	0.025	0.0333333333333	0.0433333333333	0.0616666666667	0.0216666666667	0.0266666666667	0.05	0.0216666666667	0.00666666666667	0.0766666666667	0.0383333333333	0.0166666666667	0.0316666666667	0.0283333333333
D_0__Bacteria;D_1__Actinobacteria;D_2__Thermoleophilia;D_3__Solirubrobacterales	0.0183333333333	0.0283333333333	0.0183333333333	0.0366666666667	0.0333333333333	0.02	0.02	0.035	0.0266666666667	0.0283333333333	0.015	0.0116666666667	0.03	0.0183333333333	0.0266666666667	0.0216666666667	0.0316666666667	0.0216666666667	0.0416666666667	0.0416666666667	0.02	0.0316666666667	0.0166666666667	0.0166666666667	0.00166666666667	0.0383333333333	0.03	0.00666666666667	0.0183333333333	0.0416666666667
D_0__Bacteria;D_1__Actinobacteria;D_2__Thermoleophilia;D_3__uncultured	0.0	0.0	0.00166666666667	0.00833333333333	0.00166666666667	0.0	0.0	0.0	0.0	0.0	0.0	0.0	0.00166666666667	0.00166666666667	0.0	0.0	0.00166666666667	0.00166666666667	0.00333333333333	0.00166666666667	0.005	0.00333333333333	0.00166666666667	0.00166666666667	0.0	0.00333333333333	0.00666666666667	0.00166666666667	0.00166666666667	0.00666666666667
D_0__Bacteria;D_1__Armatimonadetes;D_2__Armatimonadia;D_3__Armatimonadales	0.0	0.0	0.0	0.0	0.0	0.0	0.0	0.0	0.0	0.0	0.00166666666667	0.0	0.0	0.0	0.0	0.0	0.0	0.0	0.0	0.0	0.0	0.0	0.0	0.0	0.0	0.0	0.0	0.0	0.0	0.0
D_0__Bacteria;D_1__Armatimonadetes;D_2__Chthonomonadetes;D_3__Chthonomonadales	0.00166666666667	0.0	0.0	0.0	0.0	0.0	0.0	0.0	0.0	0.0	0.0	0.0	0.0	0.0	0.0	0.0	0.0	0.0	0.0	0.0	0.0	0.0	0.0	0.0	0.0	0.0	0.0	0.00166666666667	0.0	0.0
D_0__Bacteria;D_1__Armatimonadetes;D_2__Fimbriimonadia;D_3__Fimbriimonadales	0.00166666666667	0.0	0.0	0.00166666666667	0.0	0.0	0.0	0.0	0.0	0.0	0.0	0.0	0.0	0.0	0.0	0.0	0.0	0.00166666666667	0.0	0.0	0.00333333333333	0.00333333333333	0.00166666666667	0.00166666666667	0.0	0.00166666666667	0.0	0.0	0.0	0.0
D_0__Bacteria;D_1__Armatimonadetes;D_2__uncultured;D_3__uncultured soil bacterium	0.0	0.0	0.0	0.0	0.0	0.0	0.0	0.00166666666667	0.0	0.0	0.0	0.0	0.0	0.0	0.0	0.0	0.0	0.0	0.0	0.0	0.0	0.0	0.0	0.00333333333333	0.0	0.0	0.0	0.0	0.0	0.0
D_0__Bacteria;D_1__BRC1;D_2__metagenome;D_3__metagenome	0.0	0.0	0.0	0.0	0.0	0.0	0.0	0.0	0.0	0.0	0.00166666666667	0.0	0.0	0.0	0.0	0.0	0.0	0.0	0.0	0.0	0.0	0.0	0.0	0.0	0.0	0.0	0.0	0.0	0.0	0.0
D_0__Bacteria;D_1__BRC1;D_2__uncultured bacterium;D_3__uncultured bacterium	0.0	0.0	0.0	0.0	0.0	0.0	0.00166666666667	0.0	0.0	0.00166666666667	0.0	0.0	0.0	0.0	0.0	0.0	0.0	0.0	0.0	0.0	0.0	0.0	0.0	0.0	0.0	0.0	0.0	0.0	0.0	0.0
D_0__Bacteria;D_1__Bacteroidetes;D_2__Bacteroidia;D_3__Bacteroidales	0.0	0.0	0.0	0.0	0.0	0.0	0.0	0.0	0.0	0.0	0.0	0.0	0.0	0.0	0.00333333333333	0.0	0.0	0.0	0.0	0.0	0.0	0.0	0.0	0.0	0.0	0.0	0.00166666666667	0.0	0.0	0.0
D_0__Bacteria;D_1__Bacteroidetes;D_2__Bacteroidia;D_3__Chitinophagales	0.0416666666667	0.05	0.0616666666667	0.0316666666667	0.03	0.0416666666667	0.055	0.035	0.03	0.0216666666667	0.0366666666667	0.111666666667	0.0483333333333	0.0516666666667	0.0266666666667	0.0733333333333	0.0383333333333	0.045	0.0433333333333	0.03	0.0716666666667	0.0133333333333	0.02	0.0616666666667	0.0633333333333	0.0383333333333	0.0383333333333	0.045	0.0133333333333	0.0683333333333
D_0__Bacteria;D_1__Bacteroidetes;D_2__Bacteroidia;D_3__Cytophagales	0.0183333333333	0.015	0.0166666666667	0.0133333333333	0.0233333333333	0.0216666666667	0.0266666666667	0.015	0.0416666666667	0.0216666666667	0.0116666666667	0.07	0.0133333333333	0.015	0.025	0.045	0.035	0.035	0.0383333333333	0.02	0.02	0.025	0.00666666666667	0.0166666666667	0.0483333333333	0.0133333333333	0.0183333333333	0.0116666666667	0.015	0.0266666666667
D_0__Bacteria;D_1__Bacteroidetes;D_2__Bacteroidia;D_3__Flavobacteriales	0.00333333333333	0.00666666666667	0.00333333333333	0.005	0.0166666666667	0.00666666666667	0.005	0.00333333333333	0.00333333333333	0.00666666666667	0.005	0.015	0.00666666666667	0.005	0.0	0.00333333333333	0.00333333333333	0.00333333333333	0.00666666666667	0.00166666666667	0.01	0.005	0.00666666666667	0.0133333333333	0.0216666666667	0.00666666666667	0.00333333333333	0.00666666666667	0.00166666666667	0.005
D_0__Bacteria;D_1__Bacteroidetes;D_2__Bacteroidia;D_3__Sphingobacteriales	0.005	0.015	0.025	0.0116666666667	0.005	0.015	0.00833333333333	0.0133333333333	0.00833333333333	0.02	0.00666666666667	0.0233333333333	0.0166666666667	0.0116666666667	0.0116666666667	0.0116666666667	0.00666666666667	0.0183333333333	0.01	0.005	0.0166666666667	0.00166666666667	0.005	0.0183333333333	0.103333333333	0.00666666666667	0.00166666666667	0.00833333333333	0.00666666666667	0.015
D_0__Bacteria;D_1__Bacteroidetes;D_2__Ignavibacteria;D_3__OPB56	0.0	0.0	0.0	0.0	0.0	0.0	0.0	0.0	0.00333333333333	0.00166666666667	0.0	0.0	0.0	0.0	0.0	0.0	0.0	0.0	0.0	0.0	0.0	0.00166666666667	0.0	0.0	0.00333333333333	0.0	0.0	0.0	0.0	0.0
D_0__Bacteria;D_1__Bacteroidetes;D_2__Ignavibacteria;D_3__SJA-28	0.0	0.0	0.0	0.00166666666667	0.0	0.00166666666667	0.00166666666667	0.0	0.0	0.0	0.0	0.0	0.0	0.0	0.0	0.0	0.0	0.0	0.00166666666667	0.0	0.00166666666667	0.0	0.0	0.0	0.0	0.0	0.0	0.00166666666667	0.0	0.0
D_0__Bacteria;D_1__Chlamydiae;D_2__Chlamydiae;D_3__Chlamydiales	0.0	0.00166666666667	0.0	0.0	0.0	0.0	0.0	0.0	0.0	0.00166666666667	0.0	0.0	0.0	0.0	0.0	0.0	0.0	0.0	0.0	0.0	0.0	0.0	0.0	0.0	0.0	0.0	0.00166666666667	0.0	0.0	0.00166666666667
D_0__Bacteria;D_1__Chloroflexi;D_2__Anaerolineae;D_3__Anaerolineales	0.0	0.00166666666667	0.0	0.00166666666667	0.0	0.00333333333333	0.0	0.00166666666667	0.00166666666667	0.0	0.00166666666667	0.0	0.0	0.00333333333333	0.01	0.00166666666667	0.0	0.00166666666667	0.00166666666667	0.0	0.0	0.00166666666667	0.0	0.0	0.0	0.0	0.0	0.0	0.00166666666667	0.0
D_0__Bacteria;D_1__Chloroflexi;D_2__Anaerolineae;D_3__Ardenticatenales	0.0	0.0	0.0	0.0	0.0	0.0	0.0	0.0	0.00166666666667	0.0	0.0	0.0	0.0	0.0	0.0	0.0	0.00166666666667	0.0	0.0	0.0	0.0	0.00166666666667	0.00333333333333	0.00166666666667	0.0	0.0	0.0	0.0	0.0	0.0
D_0__Bacteria;D_1__Chloroflexi;D_2__Anaerolineae;D_3__Caldilineales	0.0	0.0	0.0	0.00166666666667	0.0	0.0	0.0	0.0	0.0	0.0	0.0	0.0	0.0	0.00166666666667	0.0	0.0	0.0	0.0	0.0	0.0	0.0	0.0	0.0	0.0	0.0	0.0	0.00333333333333	0.0	0.0	0.0
D_0__Bacteria;D_1__Chloroflexi;D_2__Anaerolineae;D_3__RBG-13-54-9	0.0	0.0	0.0	0.0	0.0	0.0	0.0	0.0	0.0	0.0	0.0	0.0	0.0	0.0	0.00166666666667	0.0	0.0	0.0	0.0	0.0	0.0	0.0	0.0	0.0	0.0	0.0	0.0	0.00166666666667	0.00166666666667	0.0
D_0__Bacteria;D_1__Chloroflexi;D_2__Anaerolineae;D_3__SBR1031	0.00166666666667	0.0	0.00166666666667	0.00333333333333	0.0	0.00166666666667	0.00166666666667	0.00166666666667	0.00166666666667	0.00166666666667	0.005	0.0	0.00166666666667	0.00666666666667	0.00166666666667	0.0	0.0	0.00333333333333	0.0	0.00333333333333	0.00666666666667	0.0	0.00666666666667	0.00333333333333	0.00166666666667	0.005	0.005	0.00333333333333	0.0	0.00166666666667
D_0__Bacteria;D_1__Chloroflexi;D_2__Chloroflexia;D_3__Chloroflexales	0.0	0.0	0.00166666666667	0.0	0.0	0.00166666666667	0.0	0.0	0.00333333333333	0.0	0.0	0.00333333333333	0.0	0.00166666666667	0.0	0.0	0.00166666666667	0.0	0.00166666666667	0.0	0.00333333333333	0.0	0.00166666666667	0.0	0.00166666666667	0.0	0.00166666666667	0.00333333333333	0.0	0.0
D_0__Bacteria;D_1__Chloroflexi;D_2__Chloroflexia;D_3__Kallotenuales	0.0	0.00166666666667	0.0	0.0	0.0	0.0	0.0	0.0	0.0	0.0	0.0	0.0	0.0	0.0	0.0	0.0	0.0	0.0	0.0	0.0	0.0	0.0	0.0	0.0	0.0	0.0	0.0	0.0	0.0	0.0
D_0__Bacteria;D_1__Chloroflexi;D_2__Chloroflexia;D_3__Thermomicrobiales	0.0	0.00166666666667	0.00333333333333	0.00166666666667	0.00333333333333	0.0	0.0	0.0	0.0	0.00166666666667	0.00166666666667	0.00333333333333	0.0	0.00166666666667	0.00833333333333	0.0	0.0	0.005	0.00333333333333	0.00333333333333	0.00166666666667	0.0	0.00166666666667	0.0	0.00333333333333	0.00166666666667	0.00333333333333	0.00166666666667	0.0	0.00166666666667
D_0__Bacteria;D_1__Chloroflexi;D_2__Dehalococcoidia;D_3__S085	0.0	0.0	0.0	0.00166666666667	0.00666666666667	0.00166666666667	0.00666666666667	0.00666666666667	0.01	0.005	0.00166666666667	0.0	0.00166666666667	0.00666666666667	0.01	0.00166666666667	0.005	0.0	0.00166666666667	0.00833333333333	0.00166666666667	0.005	0.005	0.00333333333333	0.00166666666667	0.005	0.00333333333333	0.005	0.00666666666667	0.00166666666667
D_0__Bacteria;D_1__Chloroflexi;D_2__Dehalococcoidia;D_3__SAR202 clade	0.0	0.0	0.0	0.0	0.0	0.0	0.0	0.0	0.0	0.0	0.0	0.0	0.0	0.0	0.0	0.0	0.0	0.0	0.00166666666667	0.0	0.0	0.0	0.0	0.0	0.0	0.0	0.0	0.0	0.0	0.0
D_0__Bacteria;D_1__Chloroflexi;D_2__Gitt-GS-136;Ambiguous_taxa	0.0	0.0	0.0	0.00166666666667	0.0	0.0	0.0	0.0	0.00166666666667	0.00166666666667	0.0	0.0	0.0	0.00166666666667	0.00166666666667	0.0	0.0	0.0	0.0	0.00333333333333	0.0	0.0	0.0	0.00166666666667	0.0	0.00833333333333	0.00333333333333	0.01	0.0	0.00166666666667
D_0__Bacteria;D_1__Chloroflexi;D_2__Gitt-GS-136;D_3__uncultured bacterium	0.0	0.0	0.0	0.0	0.00166666666667	0.0	0.0	0.00166666666667	0.00166666666667	0.00166666666667	0.0	0.0	0.00333333333333	0.0	0.00333333333333	0.0	0.00333333333333	0.0	0.0	0.00333333333333	0.0	0.00166666666667	0.00166666666667	0.0	0.0	0.005	0.00166666666667	0.00166666666667	0.00166666666667	0.0
D_0__Bacteria;D_1__Chloroflexi;D_2__Gitt-GS-136;D_3__uncultured bacterium #0319-6C24	0.0	0.0	0.0	0.0	0.00166666666667	0.0	0.0	0.0	0.0	0.0	0.0	0.0	0.0	0.0	0.0	0.0	0.0	0.0	0.0	0.0	0.0	0.0	0.00166666666667	0.0	0.0	0.00166666666667	0.0	0.0	0.0	0.0
D_0__Bacteria;D_1__Chloroflexi;D_2__JG30-KF-CM66;Ambiguous_taxa	0.0	0.0	0.0	0.00166666666667	0.0	0.00166666666667	0.0	0.0	0.0	0.0	0.0	0.0	0.0	0.0	0.0	0.0	0.0	0.0	0.0	0.0	0.0	0.00166666666667	0.0	0.0	0.0	0.0	0.0	0.00166666666667	0.0	0.0
D_0__Bacteria;D_1__Chloroflexi;D_2__JG30-KF-CM66;D_3__uncultured Caldilinea sp.	0.0	0.00166666666667	0.0	0.0	0.0	0.0	0.0	0.0	0.0	0.0	0.0	0.0	0.0	0.0	0.0	0.0	0.0	0.0	0.0	0.0	0.0	0.0	0.0	0.0	0.0	0.0	0.0	0.0	0.0	0.0
D_0__Bacteria;D_1__Chloroflexi;D_2__JG30-KF-CM66;D_3__uncultured bacterium	0.0	0.0	0.0	0.0	0.00166666666667	0.0	0.0	0.0	0.0	0.0	0.0	0.0	0.0	0.00333333333333	0.0	0.0	0.0	0.0	0.0	0.0	0.0	0.0	0.00166666666667	0.0	0.0	0.00333333333333	0.0	0.0	0.00166666666667	0.0
D_0__Bacteria;D_1__Chloroflexi;D_2__KD4-96;Ambiguous_taxa	0.005	0.0	0.00833333333333	0.015	0.00833333333333	0.005	0.00666666666667	0.00166666666667	0.015	0.01	0.00333333333333	0.0	0.01	0.00833333333333	0.0133333333333	0.01	0.00666666666667	0.0116666666667	0.01	0.02	0.005	0.00666666666667	0.0166666666667	0.00333333333333	0.00666666666667	0.0233333333333	0.005	0.005	0.0133333333333	0.00166666666667
D_0__Bacteria;D_1__Chloroflexi;D_2__KD4-96;D_3__metagenome	0.005	0.0	0.005	0.01	0.00833333333333	0.00666666666667	0.005	0.005	0.005	0.005	0.00666666666667	0.00166666666667	0.005	0.00166666666667	0.01	0.0	0.005	0.0	0.01	0.00666666666667	0.00666666666667	0.00166666666667	0.00666666666667	0.00166666666667	0.00166666666667	0.00833333333333	0.0116666666667	0.00666666666667	0.00333333333333	0.00333333333333
D_0__Bacteria;D_1__Chloroflexi;D_2__KD4-96;D_3__uncultured Chloroflexi bacterium	0.0	0.0	0.0	0.0	0.0	0.0	0.0	0.0	0.0	0.0	0.0	0.0	0.0	0.0	0.00166666666667	0.0	0.0	0.0	0.0	0.0	0.0	0.0	0.0	0.0	0.0	0.0	0.0	0.0	0.0	0.0
D_0__Bacteria;D_1__Chloroflexi;D_2__KD4-96;D_3__uncultured bacterium	0.0	0.00166666666667	0.0	0.0	0.00333333333333	0.0	0.0	0.0	0.0	0.0	0.0	0.0	0.00333333333333	0.0	0.0	0.0	0.00333333333333	0.0	0.0	0.00666666666667	0.0	0.0	0.0	0.00166666666667	0.0	0.00166666666667	0.00333333333333	0.00166666666667	0.0	0.00166666666667
D_0__Bacteria;D_1__Chloroflexi;D_2__Ktedonobacteria;D_3__Ktedonobacterales	0.00166666666667	0.0	0.0	0.0	0.0	0.00333333333333	0.00166666666667	0.0	0.0	0.0	0.00166666666667	0.0	0.0	0.0	0.0	0.0	0.0	0.0	0.0	0.0	0.0	0.0	0.0	0.0	0.0	0.0	0.0	0.0	0.0	0.0
D_0__Bacteria;D_1__Chloroflexi;D_2__OLB14;Ambiguous_taxa	0.00166666666667	0.00333333333333	0.0	0.0	0.0	0.0	0.0	0.0	0.0	0.00166666666667	0.00166666666667	0.0	0.00166666666667	0.0	0.0	0.0	0.0	0.0	0.0	0.00166666666667	0.0	0.0	0.0	0.00166666666667	0.0	0.0	0.0	0.0	0.0	0.00166666666667
D_0__Bacteria;D_1__Chloroflexi;D_2__OLB14;D_3__uncultured bacterium	0.0	0.0	0.0	0.0	0.0	0.0	0.0	0.0	0.0	0.0	0.0	0.0	0.0	0.0	0.0	0.0	0.0	0.0	0.0	0.00166666666667	0.0	0.0	0.0	0.0	0.0	0.0	0.0	0.0	0.0	0.0
D_0__Bacteria;D_1__Chloroflexi;D_2__P2-11E;D_3__uncultured bacterium	0.0	0.0	0.00166666666667	0.0	0.0	0.0	0.0	0.00166666666667	0.0	0.0	0.0	0.0	0.0	0.0	0.0	0.0	0.0	0.0	0.0	0.0	0.0	0.00166666666667	0.0	0.0	0.0	0.0	0.0	0.0	0.0	0.0
D_0__Bacteria;D_1__Chloroflexi;D_2__TK10;Ambiguous_taxa	0.0	0.0	0.00166666666667	0.0	0.00166666666667	0.00166666666667	0.00166666666667	0.0	0.00166666666667	0.00166666666667	0.0	0.0	0.0	0.00166666666667	0.00166666666667	0.0	0.0	0.0	0.005	0.00166666666667	0.0	0.0	0.0	0.00333333333333	0.0	0.0	0.0	0.00166666666667	0.0	0.0
D_0__Bacteria;D_1__Chloroflexi;D_2__TK10;D_3__metagenome	0.0	0.0	0.0	0.0	0.0	0.0	0.0	0.0	0.00333333333333	0.0	0.0	0.0	0.0	0.0	0.0	0.0	0.0	0.00166666666667	0.0	0.005	0.0	0.00166666666667	0.00166666666667	0.0	0.0	0.0	0.0	0.00166666666667	0.00333333333333	0.0
D_0__Bacteria;D_1__Chloroflexi;D_2__TK10;D_3__uncultured Chloroflexi bacterium	0.0	0.00166666666667	0.00166666666667	0.0	0.0	0.0	0.0	0.0	0.0	0.0	0.0	0.0	0.00166666666667	0.0	0.0	0.0	0.0	0.0	0.0	0.0	0.0	0.0	0.0	0.0	0.0	0.0	0.0	0.0	0.0	0.0
D_0__Bacteria;D_1__Chloroflexi;D_2__TK10;D_3__uncultured bacterium	0.0	0.00166666666667	0.0	0.0	0.0	0.0	0.00166666666667	0.00166666666667	0.00166666666667	0.00333333333333	0.00166666666667	0.0	0.0	0.00333333333333	0.0	0.005	0.0	0.0	0.0	0.0	0.0	0.0	0.00166666666667	0.00166666666667	0.0	0.00166666666667	0.0	0.0	0.0	0.0
D_0__Bacteria;D_1__Chloroflexi;D_2__TK10;D_3__uncultured beta proteobacterium	0.0	0.00166666666667	0.00166666666667	0.0	0.00166666666667	0.0	0.0	0.0	0.00166666666667	0.00333333333333	0.0	0.0	0.00166666666667	0.0	0.0	0.0	0.0	0.00166666666667	0.0	0.00166666666667	0.0	0.0	0.0	0.0	0.0	0.0	0.0	0.0	0.00166666666667	0.0
D_0__Bacteria;D_1__Cyanobacteria;D_2__Melainabacteria;D_3__Obscuribacterales	0.0	0.0	0.0	0.0	0.0	0.0	0.00166666666667	0.0	0.00166666666667	0.0	0.0	0.0	0.00333333333333	0.00166666666667	0.0	0.0	0.0	0.0	0.00166666666667	0.00166666666667	0.00166666666667	0.0	0.0	0.0	0.0	0.0	0.0	0.0	0.00166666666667	0.0
D_0__Bacteria;D_1__Cyanobacteria;D_2__Melainabacteria;D_3__Vampirovibrionales	0.0	0.0	0.0	0.0	0.00166666666667	0.0	0.0	0.0	0.0	0.0	0.0	0.0	0.0	0.0	0.0	0.0	0.0	0.0	0.0	0.0	0.0	0.0	0.0	0.0	0.0	0.0	0.0	0.0	0.0	0.0
D_0__Bacteria;D_1__Cyanobacteria;D_2__Oxyphotobacteria;D_3__Chloroplast	0.00166666666667	0.005	0.00166666666667	0.0	0.00666666666667	0.00166666666667	0.00333333333333	0.005	0.00166666666667	0.00333333333333	0.00166666666667	0.005	0.00833333333333	0.00666666666667	0.00333333333333	0.005	0.00833333333333	0.00666666666667	0.00166666666667	0.00166666666667	0.005	0.0	0.00166666666667	0.00166666666667	0.00333333333333	0.0	0.005	0.00333333333333	0.0	0.00333333333333
D_0__Bacteria;D_1__Cyanobacteria;D_2__Oxyphotobacteria;D_3__Nostocales	0.0	0.0	0.0	0.0	0.0	0.0	0.0	0.0	0.0	0.00166666666667	0.0	0.0	0.0	0.0	0.0	0.0	0.0	0.0	0.0	0.0	0.0	0.0	0.0	0.0	0.0	0.0	0.00166666666667	0.0	0.0	0.0
D_0__Bacteria;D_1__Cyanobacteria;D_2__Sericytochromatia;D_3__Hyaloperonospora arabidopsidis	0.0	0.0	0.0	0.0	0.0	0.0	0.0	0.0	0.0	0.0	0.0	0.0	0.0	0.00166666666667	0.0	0.0	0.0	0.0	0.0	0.0	0.0	0.0	0.0	0.0	0.0	0.0	0.0	0.0	0.0	0.0
D_0__Bacteria;D_1__Cyanobacteria;D_2__Sericytochromatia;D_3__uncultured bacterium	0.0	0.0	0.00166666666667	0.0	0.0	0.0	0.0	0.0	0.0	0.0	0.0	0.00166666666667	0.0	0.0	0.0	0.00166666666667	0.0	0.0	0.0	0.0	0.0	0.0	0.0	0.0	0.0	0.0	0.0	0.0	0.00166666666667	0.0
D_0__Bacteria;D_1__Dependentiae;D_2__Babeliae;D_3__Babeliales	0.0	0.0	0.00166666666667	0.00333333333333	0.00166666666667	0.0	0.0	0.0	0.00166666666667	0.00166666666667	0.0	0.0	0.0	0.0	0.0	0.0	0.0	0.0	0.0	0.0	0.00166666666667	0.0	0.0	0.0	0.0	0.0	0.00166666666667	0.0	0.0	0.0
D_0__Bacteria;D_1__Elusimicrobia;D_2__Elusimicrobia;D_3__Lineage IV	0.0	0.0	0.0	0.0	0.0	0.00166666666667	0.00166666666667	0.0	0.0	0.0	0.00166666666667	0.0	0.0	0.0	0.0	0.0	0.0	0.0	0.0	0.00166666666667	0.0	0.0	0.0	0.0	0.0	0.0	0.0	0.0	0.0	0.0
D_0__Bacteria;D_1__Elusimicrobia;D_2__Elusimicrobia;D_3__MVP-88	0.00166666666667	0.0	0.0	0.0	0.0	0.0	0.0	0.0	0.0	0.0	0.0	0.0	0.0	0.0	0.0	0.0	0.0	0.0	0.0	0.0	0.0	0.0	0.0	0.0	0.0	0.0	0.0	0.0	0.0	0.0
D_0__Bacteria;D_1__Elusimicrobia;D_2__Lineage IIa;Ambiguous_taxa	0.00333333333333	0.00333333333333	0.00166666666667	0.00166666666667	0.0	0.0	0.0	0.00166666666667	0.00166666666667	0.0	0.00333333333333	0.0	0.0	0.0	0.0	0.00166666666667	0.0	0.00166666666667	0.00166666666667	0.0	0.0	0.00166666666667	0.00333333333333	0.00166666666667	0.0	0.0	0.0	0.00166666666667	0.0	0.0
D_0__Bacteria;D_1__Elusimicrobia;D_2__Lineage IIa;D_3__metagenome	0.0	0.0	0.0	0.00166666666667	0.0	0.00166666666667	0.0	0.0	0.0	0.0	0.0	0.0	0.0	0.0	0.0	0.0	0.0	0.0	0.0	0.0	0.00166666666667	0.0	0.0	0.0	0.00166666666667	0.0	0.0	0.0	0.0	0.0
D_0__Bacteria;D_1__Elusimicrobia;D_2__Lineage IIa;D_3__uncultured bacterium	0.0	0.0	0.0	0.0	0.0	0.0	0.0	0.00333333333333	0.0	0.00166666666667	0.0	0.0	0.0	0.00166666666667	0.0	0.0	0.00333333333333	0.0	0.0	0.0	0.0	0.0	0.0	0.00166666666667	0.0	0.00166666666667	0.0	0.0	0.0	0.0
D_0__Bacteria;D_1__Elusimicrobia;D_2__Lineage IIb;D_3__metagenome	0.0	0.0	0.0	0.0	0.0	0.0	0.0	0.0	0.0	0.0	0.0	0.0	0.0	0.0	0.0	0.0	0.00166666666667	0.0	0.0	0.0	0.0	0.0	0.0	0.0	0.0	0.0	0.0	0.0	0.0	0.0
D_0__Bacteria;D_1__Elusimicrobia;D_2__Lineage IIb;D_3__uncultured bacterium	0.0	0.00166666666667	0.0	0.0	0.0	0.00166666666667	0.0	0.0	0.0	0.0	0.0	0.0	0.0	0.0	0.0	0.0	0.0	0.00166666666667	0.0	0.0	0.0	0.0	0.0	0.0	0.0	0.0	0.0	0.00166666666667	0.0	0.0
D_0__Bacteria;D_1__Elusimicrobia;D_2__Lineage IIb;D_3__uncultured soil bacterium	0.0	0.00166666666667	0.0	0.0	0.00166666666667	0.0	0.0	0.0	0.0	0.0	0.0	0.0	0.0	0.0	0.0	0.0	0.0	0.0	0.0	0.0	0.0	0.0	0.0	0.0	0.0	0.0	0.00166666666667	0.0	0.0	0.0
D_0__Bacteria;D_1__Entotheonellaeota;D_2__Entotheonellia;D_3__Entotheonellales	0.0	0.0	0.0	0.00666666666667	0.0	0.0	0.0	0.00333333333333	0.00333333333333	0.0	0.0	0.00166666666667	0.005	0.00333333333333	0.00333333333333	0.00166666666667	0.00666666666667	0.01	0.00166666666667	0.00166666666667	0.00333333333333	0.0133333333333	0.005	0.00833333333333	0.0	0.015	0.00666666666667	0.01	0.00833333333333	0.00666666666667
D_0__Bacteria;D_1__FBP;Ambiguous_taxa;Ambiguous_taxa	0.0	0.0	0.00166666666667	0.0	0.0	0.0	0.0	0.0	0.0	0.0	0.0	0.0	0.0	0.0	0.0	0.0	0.0	0.0	0.0	0.0	0.0	0.0	0.0	0.0	0.0	0.0	0.0	0.0	0.0	0.0
D_0__Bacteria;D_1__FCPU426;D_2__uncultured bacterium;D_3__uncultured bacterium	0.0	0.0	0.0	0.0	0.0	0.00166666666667	0.0	0.0	0.0	0.0	0.0	0.0	0.0	0.0	0.0	0.0	0.0	0.0	0.0	0.0	0.0	0.0	0.0	0.0	0.0	0.0	0.0	0.0	0.0	0.0
D_0__Bacteria;D_1__Fibrobacteres;D_2__Fibrobacteria;D_3__Fibrobacterales	0.0	0.0	0.0	0.0	0.0	0.0	0.0	0.0	0.0	0.0	0.0	0.0	0.0	0.0	0.0	0.0	0.00166666666667	0.0	0.0	0.0	0.0	0.0	0.0	0.0	0.0	0.0	0.0	0.00166666666667	0.0	0.0
D_0__Bacteria;D_1__Firmicutes;D_2__Bacilli;D_3__Bacillales	0.00666666666667	0.01	0.01	0.01	0.015	0.00666666666667	0.0133333333333	0.0133333333333	0.00833333333333	0.0133333333333	0.0183333333333	0.00166666666667	0.00333333333333	0.00666666666667	0.0166666666667	0.00666666666667	0.0	0.015	0.00666666666667	0.0183333333333	0.00333333333333	0.0283333333333	0.01	0.005	0.0133333333333	0.00166666666667	0.01	0.0	0.015	0.00333333333333
D_0__Bacteria;D_1__Firmicutes;D_2__Bacilli;D_3__Lactobacillales	0.0	0.0	0.0	0.0	0.0	0.00166666666667	0.0	0.0	0.0	0.0	0.0	0.0	0.0	0.0	0.0	0.0	0.0	0.0	0.0	0.0	0.0	0.0	0.0	0.0	0.0	0.0	0.0	0.0	0.0	0.0
D_0__Bacteria;D_1__Firmicutes;D_2__Clostridia;D_3__Clostridiales	0.0	0.0	0.0	0.00333333333333	0.00333333333333	0.0	0.00166666666667	0.00166666666667	0.00166666666667	0.0	0.005	0.0	0.0	0.0	0.00333333333333	0.0	0.00166666666667	0.00166666666667	0.0	0.00333333333333	0.0	0.00166666666667	0.00333333333333	0.0	0.0	0.0	0.0	0.0	0.00333333333333	0.0
D_0__Bacteria;D_1__Firmicutes;D_2__Limnochordia;D_3__Limnochordales	0.0	0.0	0.00166666666667	0.0	0.0	0.0	0.0	0.0	0.0	0.0	0.0	0.0	0.0	0.0	0.0	0.0	0.0	0.0	0.0	0.0	0.0	0.00166666666667	0.0	0.0	0.0	0.0	0.0	0.0	0.0	0.0
D_0__Bacteria;D_1__Gemmatimonadetes;D_2__AKAU4049;Ambiguous_taxa	0.0	0.0	0.0	0.005	0.0	0.0	0.0	0.0	0.0	0.00333333333333	0.0	0.0	0.0	0.0	0.0	0.0	0.00166666666667	0.0	0.0	0.00166666666667	0.0	0.00166666666667	0.005	0.005	0.0	0.00166666666667	0.00166666666667	0.00166666666667	0.00166666666667	0.0
D_0__Bacteria;D_1__Gemmatimonadetes;D_2__BD2-11 terrestrial group;Ambiguous_taxa	0.0	0.0	0.0	0.00166666666667	0.0	0.0	0.0	0.0	0.0	0.0	0.0	0.0	0.0	0.0	0.00333333333333	0.0	0.0	0.0	0.0	0.00166666666667	0.0	0.00333333333333	0.00166666666667	0.0	0.0	0.0	0.0	0.0	0.0	0.0
D_0__Bacteria;D_1__Gemmatimonadetes;D_2__BD2-11 terrestrial group;D_3__metagenome	0.0	0.0	0.0	0.00166666666667	0.0	0.0	0.0	0.0	0.0	0.0	0.0	0.0	0.00166666666667	0.0	0.0	0.0	0.0	0.0	0.0	0.0	0.0	0.00166666666667	0.0	0.0	0.00166666666667	0.0	0.0	0.0	0.0	0.0
D_0__Bacteria;D_1__Gemmatimonadetes;D_2__BD2-11 terrestrial group;D_3__uncultured bacterium	0.0	0.0	0.0	0.00333333333333	0.0	0.0	0.0	0.0	0.00166666666667	0.0	0.0	0.0	0.0	0.0	0.00166666666667	0.0	0.0	0.0	0.0	0.0	0.0	0.0	0.0	0.00166666666667	0.0	0.0	0.0	0.0	0.0	0.0
D_0__Bacteria;D_1__Gemmatimonadetes;D_2__Gemmatimonadetes;D_3__Gemmatimonadales	0.0516666666667	0.0183333333333	0.0166666666667	0.0383333333333	0.0283333333333	0.0166666666667	0.0333333333333	0.0166666666667	0.0533333333333	0.0233333333333	0.065	0.00333333333333	0.015	0.025	0.025	0.00666666666667	0.02	0.015	0.0133333333333	0.0183333333333	0.0166666666667	0.0716666666667	0.025	0.0283333333333	0.0116666666667	0.015	0.025	0.01	0.0233333333333	0.0316666666667
D_0__Bacteria;D_1__Gemmatimonadetes;D_2__S0134 terrestrial group;Ambiguous_taxa	0.0	0.0	0.0	0.0	0.0	0.0	0.0	0.0	0.0	0.00166666666667	0.0	0.0	0.00166666666667	0.0	0.00166666666667	0.0	0.00166666666667	0.0	0.0	0.0	0.00333333333333	0.0	0.00166666666667	0.0	0.0	0.0	0.00166666666667	0.0	0.0	0.0
D_0__Bacteria;D_1__Gemmatimonadetes;D_2__S0134 terrestrial group;D_3__uncultured bacterium	0.00166666666667	0.0	0.0	0.0	0.0	0.0	0.0	0.0	0.00166666666667	0.0	0.0	0.0	0.0	0.0	0.00166666666667	0.00166666666667	0.0	0.0	0.0	0.0	0.0	0.0	0.0	0.0	0.0	0.0	0.00166666666667	0.00166666666667	0.0	0.0
D_0__Bacteria;D_1__Latescibacteria;Ambiguous_taxa;Ambiguous_taxa	0.0	0.0	0.00166666666667	0.00333333333333	0.00166666666667	0.0	0.0	0.00166666666667	0.00333333333333	0.00166666666667	0.0	0.00333333333333	0.0	0.00333333333333	0.00333333333333	0.0	0.00333333333333	0.0	0.0	0.00333333333333	0.00333333333333	0.0	0.00333333333333	0.00166666666667	0.0	0.0	0.0	0.00166666666667	0.0116666666667	0.0
D_0__Bacteria;D_1__Latescibacteria;D_2__Latescibacteria;D_3__Latescibacterales	0.0	0.00166666666667	0.0	0.0	0.0	0.00333333333333	0.0	0.00333333333333	0.0	0.0	0.00166666666667	0.00333333333333	0.0	0.0	0.00333333333333	0.0	0.0	0.0	0.0	0.0	0.00333333333333	0.0	0.00166666666667	0.00333333333333	0.0	0.00166666666667	0.0	0.00166666666667	0.0	0.00333333333333
D_0__Bacteria;D_1__Latescibacteria;D_2__uncultured Latescibacteria bacterium;D_3__uncultured Latescibacteria bacterium	0.0	0.0	0.0	0.00333333333333	0.0	0.0	0.0	0.00333333333333	0.00333333333333	0.0	0.00166666666667	0.00166666666667	0.00333333333333	0.0	0.00166666666667	0.00166666666667	0.00166666666667	0.00166666666667	0.0	0.0	0.005	0.0	0.0	0.00333333333333	0.0	0.0	0.0	0.0	0.0	0.0
D_0__Bacteria;D_1__Latescibacteria;D_2__uncultured bacterium;D_3__uncultured bacterium	0.00166666666667	0.0	0.0	0.00166666666667	0.00166666666667	0.0	0.0	0.00333333333333	0.00833333333333	0.00166666666667	0.00333333333333	0.00333333333333	0.00166666666667	0.00333333333333	0.00333333333333	0.00333333333333	0.00666666666667	0.0	0.00333333333333	0.00166666666667	0.00166666666667	0.00166666666667	0.005	0.0133333333333	0.0	0.00333333333333	0.00666666666667	0.00166666666667	0.01	0.005
D_0__Bacteria;D_1__Latescibacteria;D_2__uncultured soil bacterium;D_3__uncultured soil bacterium	0.0	0.00333333333333	0.0	0.00166666666667	0.0	0.0	0.0	0.0	0.0	0.0	0.0	0.0	0.00166666666667	0.0	0.0	0.0	0.0	0.0	0.0	0.0	0.0	0.0	0.0	0.0	0.0	0.00166666666667	0.0	0.005	0.00333333333333	0.0
D_0__Bacteria;D_1__Nitrospirae;D_2__Nitrospira;D_3__Nitrospirales	0.0166666666667	0.00833333333333	0.00666666666667	0.015	0.0116666666667	0.0116666666667	0.00333333333333	0.00666666666667	0.00833333333333	0.00833333333333	0.00666666666667	0.0	0.00333333333333	0.01	0.00833333333333	0.0	0.00833333333333	0.00666666666667	0.00666666666667	0.00666666666667	0.00666666666667	0.0116666666667	0.0116666666667	0.0133333333333	0.0	0.00333333333333	0.00333333333333	0.00666666666667	0.0183333333333	0.00333333333333
D_0__Bacteria;D_1__Omnitrophicaeota;D_2__Omnitrophia;D_3__Omnitrophales	0.00166666666667	0.0	0.0	0.0	0.0	0.0	0.00166666666667	0.0	0.0	0.0	0.00166666666667	0.0	0.00166666666667	0.0	0.0	0.0	0.0	0.0	0.0	0.0	0.0	0.0	0.0	0.0	0.0	0.0	0.0	0.0	0.0	0.0
D_0__Bacteria;D_1__Omnitrophicaeota;D_2__uncultured bacterium;D_3__uncultured bacterium	0.0	0.0	0.0	0.0	0.0	0.0	0.0	0.0	0.0	0.0	0.0	0.0	0.0	0.0	0.0	0.0	0.0	0.0	0.0	0.0	0.0	0.0	0.00166666666667	0.0	0.0	0.0	0.0	0.0	0.0	0.0
D_0__Bacteria;D_1__Patescibacteria;D_2__ABY1;D_3__Candidatus Uhrbacteria	0.0	0.0	0.0	0.0	0.0	0.0	0.0	0.0	0.0	0.0	0.0	0.0	0.0	0.0	0.0	0.0	0.0	0.0	0.0	0.0	0.0	0.0	0.0	0.0	0.0	0.0	0.0	0.0	0.00166666666667	0.0
D_0__Bacteria;D_1__Patescibacteria;D_2__Gracilibacteria;D_3__Candidatus Peribacteria	0.0	0.0	0.0	0.0	0.0	0.0	0.0	0.0	0.0	0.0	0.0	0.0	0.0	0.0	0.0	0.00166666666667	0.0	0.0	0.0	0.0	0.0	0.0	0.0	0.0	0.0	0.0	0.0	0.0	0.0	0.0
D_0__Bacteria;D_1__Patescibacteria;D_2__Gracilibacteria;D_3__uncultured Microgenomates group bacterium	0.0	0.0	0.0	0.00166666666667	0.0	0.0	0.0	0.0	0.0	0.0	0.0	0.0	0.0	0.0	0.0	0.0	0.0	0.0	0.0	0.0	0.0	0.0	0.0	0.0	0.0	0.0	0.0	0.0	0.0	0.0
D_0__Bacteria;D_1__Patescibacteria;D_2__Parcubacteria;D_3__uncultured bacterium	0.00166666666667	0.0	0.0	0.0	0.0	0.0	0.0	0.0	0.00166666666667	0.0	0.0	0.0	0.0	0.0	0.0	0.0	0.0	0.0	0.0	0.0	0.0	0.0	0.0	0.0	0.0	0.0	0.00166666666667	0.0	0.0	0.0
D_0__Bacteria;D_1__Patescibacteria;D_2__Saccharimonadia;D_3__Saccharimonadales	0.00166666666667	0.0	0.0	0.0	0.0	0.00166666666667	0.0	0.0	0.0	0.0	0.0	0.0	0.0	0.00166666666667	0.0	0.0	0.0	0.0	0.0	0.00166666666667	0.0	0.0	0.0	0.0	0.0	0.0	0.0	0.0	0.0	0.0
D_0__Bacteria;D_1__Planctomycetes;D_2__BD7-11;D_3__uncultured bacterium	0.0	0.0	0.0	0.0	0.0	0.0	0.0	0.0	0.0	0.0	0.0	0.0	0.0	0.0	0.0	0.0	0.0	0.0	0.0	0.0	0.0	0.0	0.0	0.0	0.0	0.00166666666667	0.0	0.0	0.00166666666667	0.0
D_0__Bacteria;D_1__Planctomycetes;D_2__OM190;Ambiguous_taxa	0.0	0.0	0.0	0.005	0.00333333333333	0.0	0.0	0.00166666666667	0.005	0.0	0.0	0.00333333333333	0.0	0.0	0.00166666666667	0.00166666666667	0.00166666666667	0.0133333333333	0.00333333333333	0.00166666666667	0.00333333333333	0.0	0.0	0.00333333333333	0.0	0.00166666666667	0.00166666666667	0.00833333333333	0.0	0.0
D_0__Bacteria;D_1__Planctomycetes;D_2__OM190;D_3__uncultured Planctomycetaceae bacterium	0.0	0.0	0.0	0.0	0.0	0.0	0.0	0.0	0.00166666666667	0.0	0.0	0.0	0.0	0.0	0.0	0.0	0.0	0.0	0.0	0.0	0.0	0.0	0.0	0.0	0.0	0.0	0.0	0.0	0.0	0.0
D_0__Bacteria;D_1__Planctomycetes;D_2__OM190;D_3__uncultured bacterium	0.0	0.00166666666667	0.00166666666667	0.00666666666667	0.0	0.0	0.005	0.005	0.00666666666667	0.005	0.00166666666667	0.0133333333333	0.00166666666667	0.00333333333333	0.0	0.00333333333333	0.00166666666667	0.00166666666667	0.00166666666667	0.00166666666667	0.00666666666667	0.00333333333333	0.00833333333333	0.00666666666667	0.00166666666667	0.00666666666667	0.0	0.0233333333333	0.00666666666667	0.00166666666667
D_0__Bacteria;D_1__Planctomycetes;D_2__OM190;D_3__uncultured microorganism	0.0	0.0	0.0	0.0	0.0	0.0	0.0	0.0	0.0	0.0	0.0	0.0	0.0	0.00166666666667	0.0	0.0	0.0	0.0	0.0	0.0	0.0	0.0	0.00166666666667	0.0	0.0	0.0	0.0	0.0	0.0	0.0
D_0__Bacteria;D_1__Planctomycetes;D_2__OM190;D_3__uncultured planctomycete	0.0	0.0	0.0	0.00166666666667	0.0	0.0	0.0	0.0	0.0	0.0	0.0	0.0	0.0	0.0	0.0	0.0	0.0	0.0	0.00166666666667	0.0	0.0	0.0	0.0	0.0	0.0	0.0	0.0	0.00166666666667	0.00166666666667	0.0
D_0__Bacteria;D_1__Planctomycetes;D_2__Phycisphaerae;D_3__CCM11a	0.0	0.0	0.0	0.0	0.0	0.0	0.0	0.0	0.0	0.0	0.0	0.0	0.0	0.0	0.0	0.0	0.0	0.0	0.0	0.0	0.0	0.00333333333333	0.0	0.00166666666667	0.0	0.0	0.0	0.0	0.0	0.0
D_0__Bacteria;D_1__Planctomycetes;D_2__Phycisphaerae;D_3__Phycisphaerales	0.00333333333333	0.0	0.0	0.00166666666667	0.00166666666667	0.0	0.0	0.0	0.0	0.0	0.0	0.00166666666667	0.0	0.00166666666667	0.0	0.00166666666667	0.0	0.00166666666667	0.0	0.0	0.00166666666667	0.0	0.0	0.00166666666667	0.0	0.00333333333333	0.0	0.00333333333333	0.00666666666667	0.0
D_0__Bacteria;D_1__Planctomycetes;D_2__Phycisphaerae;D_3__Pla1 lineage	0.00166666666667	0.0	0.0	0.0	0.0	0.0	0.0	0.0	0.0	0.0	0.0	0.0	0.0	0.0	0.0	0.0	0.00333333333333	0.0	0.0	0.0	0.0	0.0	0.0	0.0	0.0	0.0	0.0	0.0	0.0	0.0
D_0__Bacteria;D_1__Planctomycetes;D_2__Phycisphaerae;D_3__S-70	0.0	0.0	0.0	0.0	0.0	0.0	0.0	0.0	0.0	0.0	0.0	0.0	0.0	0.0	0.0	0.0	0.0	0.0	0.0	0.0	0.0	0.0	0.0	0.0	0.0	0.0	0.0	0.0	0.00166666666667	0.0
D_0__Bacteria;D_1__Planctomycetes;D_2__Phycisphaerae;D_3__Tepidisphaerales	0.00833333333333	0.01	0.005	0.005	0.00166666666667	0.005	0.00333333333333	0.00833333333333	0.005	0.005	0.005	0.00333333333333	0.00166666666667	0.00333333333333	0.005	0.00166666666667	0.00833333333333	0.005	0.00333333333333	0.005	0.0	0.0	0.00833333333333	0.00833333333333	0.00333333333333	0.00833333333333	0.00833333333333	0.00833333333333	0.01	0.01
D_0__Bacteria;D_1__Planctomycetes;D_2__Phycisphaerae;D_3__mle1-8	0.0	0.0	0.0	0.0	0.0	0.0	0.0	0.0	0.0	0.0	0.0	0.0	0.0	0.0	0.0	0.0	0.0	0.0	0.0	0.0	0.0	0.0	0.00166666666667	0.0	0.0	0.0	0.0	0.0	0.0	0.0
D_0__Bacteria;D_1__Planctomycetes;D_2__Pla4 lineage;Ambiguous_taxa	0.0	0.0	0.0	0.0	0.0	0.0	0.0	0.0	0.00166666666667	0.0	0.0	0.0	0.0	0.0	0.0	0.0	0.0	0.0	0.0	0.0	0.0	0.0	0.0	0.0	0.0	0.00166666666667	0.0	0.0	0.0	0.0
D_0__Bacteria;D_1__Planctomycetes;D_2__Pla4 lineage;D_3__metagenome	0.0	0.0	0.00333333333333	0.00166666666667	0.0	0.0	0.0	0.00166666666667	0.00166666666667	0.0	0.0	0.0	0.00166666666667	0.00333333333333	0.00166666666667	0.00166666666667	0.0	0.0	0.0	0.0	0.0	0.0	0.0	0.00166666666667	0.0	0.0	0.0	0.005	0.0	0.0
D_0__Bacteria;D_1__Planctomycetes;D_2__Pla4 lineage;D_3__uncultured bacterium	0.0	0.0	0.0	0.0	0.0	0.00166666666667	0.0	0.0	0.0	0.0	0.0	0.0	0.0	0.0	0.0	0.0	0.00166666666667	0.0	0.0	0.0	0.0	0.00166666666667	0.00333333333333	0.0	0.0	0.0	0.0	0.00333333333333	0.0	0.0
D_0__Bacteria;D_1__Planctomycetes;D_2__Pla4 lineage;D_3__uncultured planctomycete	0.0	0.0	0.0	0.00166666666667	0.0	0.0	0.0	0.0	0.0	0.0	0.0	0.0	0.0	0.0	0.0	0.0	0.0	0.0	0.0	0.0	0.0	0.0	0.0	0.0	0.0	0.0	0.0	0.0	0.0	0.0
D_0__Bacteria;D_1__Planctomycetes;D_2__Planctomycetacia;D_3__Gemmatales	0.00666666666667	0.0166666666667	0.005	0.01	0.015	0.00166666666667	0.00833333333333	0.0166666666667	0.0166666666667	0.0116666666667	0.00666666666667	0.00666666666667	0.00833333333333	0.00333333333333	0.015	0.0116666666667	0.0133333333333	0.0166666666667	0.01	0.0116666666667	0.00833333333333	0.00833333333333	0.0233333333333	0.01	0.005	0.01	0.0116666666667	0.0266666666667	0.0166666666667	0.0216666666667
D_0__Bacteria;D_1__Planctomycetes;D_2__Planctomycetacia;D_3__Isosphaerales	0.00166666666667	0.01	0.00333333333333	0.0	0.00166666666667	0.01	0.00333333333333	0.0	0.00166666666667	0.00166666666667	0.00166666666667	0.00166666666667	0.00333333333333	0.00166666666667	0.0	0.0	0.0	0.00166666666667	0.00166666666667	0.00166666666667	0.0	0.00166666666667	0.0	0.00333333333333	0.03	0.005	0.00166666666667	0.00166666666667	0.0	0.0
D_0__Bacteria;D_1__Planctomycetes;D_2__Planctomycetacia;D_3__Pirellulales	0.015	0.01	0.0166666666667	0.0116666666667	0.0166666666667	0.0133333333333	0.015	0.0133333333333	0.0116666666667	0.0116666666667	0.0116666666667	0.00333333333333	0.0183333333333	0.0183333333333	0.0183333333333	0.0216666666667	0.01	0.0316666666667	0.0233333333333	0.0216666666667	0.0216666666667	0.025	0.015	0.0133333333333	0.02	0.015	0.0116666666667	0.00833333333333	0.0283333333333	0.0116666666667
D_0__Bacteria;D_1__Planctomycetes;D_2__Planctomycetacia;D_3__Planctomycetales	0.005	0.00666666666667	0.00666666666667	0.005	0.00333333333333	0.005	0.00166666666667	0.01	0.0	0.00333333333333	0.0	0.00166666666667	0.00333333333333	0.00833333333333	0.00833333333333	0.0133333333333	0.0	0.00166666666667	0.00666666666667	0.00166666666667	0.00666666666667	0.0	0.0	0.00333333333333	0.00833333333333	0.0	0.005	0.005	0.00166666666667	0.0
D_0__Bacteria;D_1__Planctomycetes;D_2__Planctomycetacia;D_3__uncultured	0.0	0.00166666666667	0.0	0.0	0.0	0.00166666666667	0.0	0.0	0.0	0.0	0.0	0.0	0.00166666666667	0.0	0.0	0.0	0.00166666666667	0.0	0.0	0.0	0.0	0.0	0.0	0.0	0.0	0.0	0.0	0.00166666666667	0.00166666666667	0.0
D_0__Bacteria;D_1__Planctomycetes;D_2__vadinHA49;D_3__uncultured bacterium	0.0	0.00166666666667	0.0	0.0	0.0	0.00166666666667	0.0	0.0	0.0	0.0	0.0	0.0	0.0	0.0	0.00166666666667	0.0	0.0	0.0	0.0	0.0	0.00166666666667	0.0	0.0	0.0	0.0	0.0	0.0	0.00166666666667	0.0	0.0
D_0__Bacteria;D_1__Planctomycetes;D_2__vadinHA49;D_3__uncultured planctomycete	0.0	0.0	0.0	0.0	0.0	0.0	0.0	0.0	0.0	0.0	0.0	0.0	0.0	0.0	0.0	0.0	0.0	0.0	0.00166666666667	0.0	0.0	0.0	0.0	0.0	0.0	0.0	0.0	0.0	0.0	0.0
D_0__Bacteria;D_1__Proteobacteria;D_2__Alphaproteobacteria;D_3__Acetobacterales	0.00333333333333	0.00833333333333	0.00333333333333	0.0	0.00166666666667	0.00166666666667	0.0	0.00166666666667	0.0	0.00166666666667	0.005	0.0	0.0	0.0	0.00333333333333	0.00166666666667	0.00166666666667	0.0	0.00333333333333	0.0	0.00166666666667	0.0	0.0	0.00166666666667	0.00333333333333	0.0	0.0	0.0	0.0	0.0
D_0__Bacteria;D_1__Proteobacteria;D_2__Alphaproteobacteria;D_3__Azospirillales	0.0	0.0	0.005	0.0	0.0	0.0	0.0	0.00333333333333	0.0	0.00333333333333	0.0	0.0	0.00166666666667	0.0	0.00333333333333	0.0	0.0	0.0	0.00166666666667	0.00666666666667	0.0	0.0	0.0	0.0	0.00166666666667	0.0	0.005	0.0	0.0	0.0
D_0__Bacteria;D_1__Proteobacteria;D_2__Alphaproteobacteria;D_3__Caulobacterales	0.00833333333333	0.00166666666667	0.00333333333333	0.00333333333333	0.00333333333333	0.0133333333333	0.005	0.0	0.00666666666667	0.0	0.0116666666667	0.005	0.00666666666667	0.0183333333333	0.00166666666667	0.00333333333333	0.00333333333333	0.005	0.00666666666667	0.00333333333333	0.0	0.00166666666667	0.00333333333333	0.00166666666667	0.025	0.00333333333333	0.0	0.0	0.0	0.005
D_0__Bacteria;D_1__Proteobacteria;D_2__Alphaproteobacteria;D_3__Dongiales	0.0	0.0	0.00333333333333	0.00666666666667	0.00666666666667	0.00333333333333	0.015	0.00333333333333	0.00333333333333	0.005	0.0	0.00333333333333	0.00166666666667	0.00333333333333	0.00166666666667	0.005	0.00666666666667	0.0	0.00333333333333	0.00333333333333	0.00166666666667	0.005	0.00166666666667	0.00833333333333	0.0116666666667	0.01	0.00333333333333	0.00666666666667	0.0	0.00666666666667
D_0__Bacteria;D_1__Proteobacteria;D_2__Alphaproteobacteria;D_3__Elsterales	0.00666666666667	0.00333333333333	0.0116666666667	0.0	0.00333333333333	0.00666666666667	0.00666666666667	0.00166666666667	0.00333333333333	0.005	0.005	0.0	0.00333333333333	0.00333333333333	0.00333333333333	0.0	0.00333333333333	0.0	0.0	0.0	0.00166666666667	0.0	0.0	0.00333333333333	0.0	0.00333333333333	0.0	0.00333333333333	0.005	0.0
D_0__Bacteria;D_1__Proteobacteria;D_2__Alphaproteobacteria;D_3__Holosporales	0.0	0.00166666666667	0.00166666666667	0.0	0.0	0.00166666666667	0.0	0.00166666666667	0.0	0.0	0.0	0.0	0.0	0.00166666666667	0.00166666666667	0.00166666666667	0.00166666666667	0.0	0.0	0.0	0.00166666666667	0.0	0.0	0.00166666666667	0.0	0.0	0.0	0.0	0.0	0.0
D_0__Bacteria;D_1__Proteobacteria;D_2__Alphaproteobacteria;D_3__Micavibrionales	0.0	0.0	0.0	0.0	0.0	0.0	0.0	0.0	0.0	0.0	0.00166666666667	0.0	0.0	0.00166666666667	0.0	0.0	0.0	0.0	0.0	0.0	0.0	0.0	0.0	0.0	0.0	0.0	0.0	0.0	0.0	0.00166666666667
D_0__Bacteria;D_1__Proteobacteria;D_2__Alphaproteobacteria;D_3__Micropepsales	0.00833333333333	0.00333333333333	0.01	0.0	0.0	0.01	0.00833333333333	0.0	0.00166666666667	0.0	0.00666666666667	0.0	0.0	0.01	0.0	0.00166666666667	0.00333333333333	0.0	0.0	0.0	0.0	0.0	0.0	0.0	0.00833333333333	0.0	0.0	0.0	0.0	0.0
D_0__Bacteria;D_1__Proteobacteria;D_2__Alphaproteobacteria;D_3__Paracaedibacterales	0.0	0.0	0.0	0.0	0.0	0.0	0.0	0.0	0.0	0.0	0.00166666666667	0.0	0.00166666666667	0.00166666666667	0.0	0.0	0.0	0.0	0.0	0.0	0.0	0.0	0.0	0.0	0.0	0.00166666666667	0.0	0.0	0.00166666666667	0.0
D_0__Bacteria;D_1__Proteobacteria;D_2__Alphaproteobacteria;D_3__Parvibaculales	0.0	0.00166666666667	0.0	0.0	0.0	0.0	0.0	0.0	0.0	0.0	0.0	0.0	0.0	0.0	0.0	0.0	0.0	0.0	0.0	0.0	0.0	0.0	0.0	0.0	0.0	0.0	0.0	0.0	0.0	0.0
D_0__Bacteria;D_1__Proteobacteria;D_2__Alphaproteobacteria;D_3__Reyranellales	0.005	0.005	0.00666666666667	0.00166666666667	0.00166666666667	0.00333333333333	0.00333333333333	0.00166666666667	0.00833333333333	0.0	0.0	0.00333333333333	0.00333333333333	0.00666666666667	0.0	0.0	0.0	0.0	0.00666666666667	0.005	0.00333333333333	0.00166666666667	0.00166666666667	0.00333333333333	0.00666666666667	0.0	0.0	0.00333333333333	0.00166666666667	0.0
D_0__Bacteria;D_1__Proteobacteria;D_2__Alphaproteobacteria;D_3__Rhizobiales	0.085	0.05	0.0533333333333	0.0866666666667	0.0633333333333	0.075	0.0883333333333	0.0883333333333	0.0616666666667	0.0516666666667	0.06	0.0566666666667	0.08	0.0783333333333	0.04	0.04	0.0816666666667	0.0683333333333	0.0733333333333	0.075	0.065	0.0633333333333	0.07	0.0616666666667	0.075	0.0683333333333	0.0783333333333	0.0566666666667	0.0466666666667	0.0683333333333
D_0__Bacteria;D_1__Proteobacteria;D_2__Alphaproteobacteria;D_3__Rhodobacterales	0.0	0.0	0.0	0.00166666666667	0.00166666666667	0.00166666666667	0.00166666666667	0.0	0.0	0.0	0.0	0.0	0.0	0.00166666666667	0.0	0.0	0.0	0.0	0.00166666666667	0.0	0.00166666666667	0.0	0.0	0.00166666666667	0.0	0.0	0.0	0.0	0.00166666666667	0.0
D_0__Bacteria;D_1__Proteobacteria;D_2__Alphaproteobacteria;D_3__Rhodospirillales	0.00166666666667	0.0	0.0	0.00166666666667	0.0	0.0	0.0	0.0	0.0	0.00166666666667	0.00333333333333	0.0	0.0	0.00333333333333	0.00166666666667	0.00333333333333	0.0	0.0	0.00166666666667	0.0	0.00166666666667	0.0	0.00166666666667	0.0	0.0116666666667	0.0	0.0	0.0	0.0	0.00166666666667
D_0__Bacteria;D_1__Proteobacteria;D_2__Alphaproteobacteria;D_3__Rickettsiales	0.00166666666667	0.0	0.00666666666667	0.00166666666667	0.0	0.0	0.0	0.0	0.0	0.00333333333333	0.0	0.00166666666667	0.00166666666667	0.00166666666667	0.0	0.00166666666667	0.00166666666667	0.0	0.0	0.00166666666667	0.0	0.0	0.00166666666667	0.0	0.0	0.0	0.0	0.00166666666667	0.0	0.00166666666667
D_0__Bacteria;D_1__Proteobacteria;D_2__Alphaproteobacteria;D_3__Sneathiellales	0.0	0.0	0.0	0.0	0.0	0.0	0.0	0.0	0.0	0.0	0.0	0.0	0.0	0.0	0.0	0.0	0.0	0.0	0.0	0.0	0.00166666666667	0.0	0.0	0.0	0.0	0.0	0.0	0.0	0.0	0.0
D_0__Bacteria;D_1__Proteobacteria;D_2__Alphaproteobacteria;D_3__Sphingomonadales	0.00833333333333	0.0	0.0133333333333	0.01	0.005	0.0233333333333	0.025	0.00666666666667	0.0133333333333	0.015	0.0183333333333	0.0266666666667	0.0183333333333	0.005	0.00833333333333	0.0116666666667	0.005	0.00666666666667	0.0216666666667	0.00666666666667	0.01	0.00666666666667	0.005	0.015	0.0183333333333	0.00666666666667	0.00833333333333	0.00833333333333	0.005	0.01
D_0__Bacteria;D_1__Proteobacteria;D_2__Alphaproteobacteria;D_3__Tistrellales	0.0	0.0	0.0	0.00166666666667	0.0	0.0	0.0	0.0	0.00166666666667	0.00333333333333	0.0	0.0	0.00166666666667	0.0	0.00166666666667	0.00166666666667	0.00333333333333	0.0	0.00333333333333	0.0	0.0	0.00333333333333	0.0	0.00166666666667	0.0	0.00666666666667	0.005	0.00166666666667	0.00333333333333	0.00833333333333
D_0__Bacteria;D_1__Proteobacteria;D_2__Alphaproteobacteria;D_3__uncultured	0.0	0.0	0.0	0.00166666666667	0.00166666666667	0.00666666666667	0.0	0.0	0.00166666666667	0.005	0.00166666666667	0.0	0.0	0.00166666666667	0.0	0.00166666666667	0.00166666666667	0.0	0.00333333333333	0.0	0.0	0.00166666666667	0.00166666666667	0.00333333333333	0.00166666666667	0.0	0.00333333333333	0.0	0.00166666666667	0.0
D_0__Bacteria;D_1__Proteobacteria;D_2__Deltaproteobacteria;Ambiguous_taxa	0.0	0.0	0.0	0.00166666666667	0.0	0.00166666666667	0.00166666666667	0.00166666666667	0.00166666666667	0.0	0.00333333333333	0.0	0.00333333333333	0.0	0.0	0.00166666666667	0.0	0.0	0.00333333333333	0.00333333333333	0.0	0.00166666666667	0.0	0.0	0.0	0.00166666666667	0.0	0.0	0.00166666666667	0.00166666666667
D_0__Bacteria;D_1__Proteobacteria;D_2__Deltaproteobacteria;D_3__Bdellovibrionales	0.0	0.00166666666667	0.0	0.00833333333333	0.00333333333333	0.00166666666667	0.00166666666667	0.00166666666667	0.00166666666667	0.00166666666667	0.0	0.00333333333333	0.00666666666667	0.00333333333333	0.0	0.0	0.00666666666667	0.00666666666667	0.0	0.0	0.005	0.0	0.00333333333333	0.0	0.00333333333333	0.00333333333333	0.0	0.00166666666667	0.005	0.00333333333333
D_0__Bacteria;D_1__Proteobacteria;D_2__Deltaproteobacteria;D_3__Desulfarculales	0.005	0.0	0.00333333333333	0.00666666666667	0.005	0.00333333333333	0.00166666666667	0.00166666666667	0.00166666666667	0.00166666666667	0.0	0.00333333333333	0.00333333333333	0.00166666666667	0.0	0.0	0.00166666666667	0.00333333333333	0.00333333333333	0.00333333333333	0.00333333333333	0.005	0.005	0.00833333333333	0.0	0.0	0.0	0.00333333333333	0.01	0.0
D_0__Bacteria;D_1__Proteobacteria;D_2__Deltaproteobacteria;D_3__Desulfobacterales	0.0	0.0	0.0	0.0	0.0	0.0	0.0	0.0	0.0	0.0	0.0	0.0	0.0	0.0	0.00166666666667	0.0	0.0	0.0	0.0	0.0	0.0	0.0	0.0	0.0	0.0	0.0	0.0	0.0	0.0	0.0
D_0__Bacteria;D_1__Proteobacteria;D_2__Deltaproteobacteria;D_3__Desulfuromonadales	0.0	0.00333333333333	0.0	0.0	0.0	0.0	0.0	0.0	0.0	0.0	0.0	0.0	0.00166666666667	0.0	0.005	0.0	0.00166666666667	0.0	0.0	0.0	0.0	0.0	0.0	0.0	0.0	0.00166666666667	0.0	0.00166666666667	0.0	0.0
D_0__Bacteria;D_1__Proteobacteria;D_2__Deltaproteobacteria;D_3__MBNT15	0.0	0.0	0.00166666666667	0.00166666666667	0.0	0.0	0.00166666666667	0.00166666666667	0.0	0.00166666666667	0.00166666666667	0.0	0.00166666666667	0.00333333333333	0.00166666666667	0.0	0.0	0.0	0.0	0.0	0.0	0.00333333333333	0.0	0.00166666666667	0.0	0.00166666666667	0.0	0.00166666666667	0.00166666666667	0.0
D_0__Bacteria;D_1__Proteobacteria;D_2__Deltaproteobacteria;D_3__Myxococcales	0.025	0.0183333333333	0.0333333333333	0.0366666666667	0.055	0.0416666666667	0.05	0.0466666666667	0.0233333333333	0.0516666666667	0.0366666666667	0.0316666666667	0.0466666666667	0.0383333333333	0.0316666666667	0.035	0.05	0.0416666666667	0.04	0.0333333333333	0.0366666666667	0.035	0.0416666666667	0.045	0.0183333333333	0.0366666666667	0.0416666666667	0.055	0.045	0.0283333333333
D_0__Bacteria;D_1__Proteobacteria;D_2__Deltaproteobacteria;D_3__NB1-j	0.0	0.0	0.0	0.00666666666667	0.0	0.00166666666667	0.0	0.0	0.0	0.0	0.0	0.00166666666667	0.00166666666667	0.0	0.0	0.00166666666667	0.0	0.0	0.0	0.00333333333333	0.0	0.00333333333333	0.00333333333333	0.00833333333333	0.0	0.0	0.0	0.00666666666667	0.0116666666667	0.00166666666667
D_0__Bacteria;D_1__Proteobacteria;D_2__Deltaproteobacteria;D_3__Oligoflexales	0.0	0.00333333333333	0.0	0.0	0.00166666666667	0.00166666666667	0.0	0.00166666666667	0.00166666666667	0.00166666666667	0.0	0.0	0.00666666666667	0.00166666666667	0.00166666666667	0.005	0.00333333333333	0.0	0.0	0.00166666666667	0.00333333333333	0.0	0.0	0.0	0.0	0.00166666666667	0.00166666666667	0.00833333333333	0.0	0.005
D_0__Bacteria;D_1__Proteobacteria;D_2__Deltaproteobacteria;D_3__RCP2-54	0.0183333333333	0.00333333333333	0.0183333333333	0.0166666666667	0.0183333333333	0.0183333333333	0.015	0.02	0.015	0.0233333333333	0.0166666666667	0.02	0.01	0.0166666666667	0.03	0.00833333333333	0.0116666666667	0.025	0.0216666666667	0.00833333333333	0.0133333333333	0.035	0.0116666666667	0.0166666666667	0.00333333333333	0.015	0.0133333333333	0.00666666666667	0.0216666666667	0.01
D_0__Bacteria;D_1__Proteobacteria;D_2__Deltaproteobacteria;D_3__SAR324 clade(Marine group B)	0.0	0.0	0.0	0.00166666666667	0.0	0.0	0.0	0.0	0.0	0.0	0.0	0.00166666666667	0.0	0.0	0.0	0.00166666666667	0.0	0.0	0.0	0.0	0.0	0.0	0.0	0.0	0.0	0.0	0.00166666666667	0.0	0.0	0.0
D_0__Bacteria;D_1__Proteobacteria;D_2__Deltaproteobacteria;D_3__Syntrophobacterales	0.0	0.0	0.0	0.0	0.0	0.0	0.0	0.0	0.0	0.0	0.0	0.00166666666667	0.0	0.0	0.0	0.0	0.0	0.0	0.0	0.0	0.0	0.0	0.0	0.0	0.0	0.0	0.0	0.00333333333333	0.0	0.00166666666667
D_0__Bacteria;D_1__Proteobacteria;D_2__Gammaproteobacteria;Ambiguous_taxa	0.0	0.0	0.0	0.0	0.0	0.0	0.0	0.00166666666667	0.0	0.0	0.0	0.0	0.0	0.0	0.0	0.00166666666667	0.0	0.0	0.00166666666667	0.0	0.00166666666667	0.0	0.00166666666667	0.0	0.00666666666667	0.0	0.0	0.0	0.0	0.0
D_0__Bacteria;D_1__Proteobacteria;D_2__Gammaproteobacteria;D_3__Acidiferrobacterales	0.0	0.0	0.0	0.0	0.0	0.0	0.0	0.00166666666667	0.0	0.0	0.0	0.0	0.0	0.0	0.0	0.0	0.0	0.0	0.0	0.0	0.0	0.0	0.0	0.0	0.0	0.0	0.0	0.0	0.0	0.0
D_0__Bacteria;D_1__Proteobacteria;D_2__Gammaproteobacteria;D_3__Acidithiobacillales	0.0	0.0	0.0	0.0	0.0	0.0	0.0	0.0	0.0	0.0	0.0	0.0	0.0	0.0	0.00166666666667	0.0	0.0	0.0	0.0	0.0	0.0	0.0	0.0	0.0	0.0	0.0	0.0	0.0	0.0	0.0
D_0__Bacteria;D_1__Proteobacteria;D_2__Gammaproteobacteria;D_3__Aeromonadales	0.0	0.0	0.0	0.0	0.00166666666667	0.0	0.0	0.0	0.0	0.0	0.0	0.00166666666667	0.0	0.0	0.0	0.0	0.0	0.0	0.0	0.0	0.0	0.0	0.0	0.0	0.0	0.0	0.0	0.0	0.0	0.0
D_0__Bacteria;D_1__Proteobacteria;D_2__Gammaproteobacteria;D_3__Betaproteobacteriales	0.08	0.0616666666667	0.035	0.0333333333333	0.0483333333333	0.0716666666667	0.055	0.04	0.0566666666667	0.035	0.08	0.09	0.06	0.0583333333333	0.0783333333333	0.0766666666667	0.0416666666667	0.0383333333333	0.09	0.0433333333333	0.045	0.0566666666667	0.0516666666667	0.0616666666667	0.09	0.0316666666667	0.0366666666667	0.0716666666667	0.0433333333333	0.085
D_0__Bacteria;D_1__Proteobacteria;D_2__Gammaproteobacteria;D_3__CCD24	0.005	0.0	0.005	0.005	0.00666666666667	0.0133333333333	0.01	0.005	0.00333333333333	0.0	0.00666666666667	0.00333333333333	0.00166666666667	0.0	0.0116666666667	0.005	0.00166666666667	0.0	0.005	0.005	0.0	0.00333333333333	0.00333333333333	0.00333333333333	0.005	0.005	0.00166666666667	0.00833333333333	0.00166666666667	0.00166666666667
D_0__Bacteria;D_1__Proteobacteria;D_2__Gammaproteobacteria;D_3__CCM19a	0.0	0.0	0.0	0.0	0.0	0.0	0.0	0.0	0.0	0.0	0.0	0.0	0.0	0.0	0.0	0.0	0.00166666666667	0.0	0.0	0.0	0.0	0.0	0.0	0.0	0.0	0.0	0.0	0.0	0.0	0.0
D_0__Bacteria;D_1__Proteobacteria;D_2__Gammaproteobacteria;D_3__Cellvibrionales	0.0	0.0	0.0	0.0	0.01	0.0	0.0	0.00166666666667	0.0	0.00166666666667	0.0	0.005	0.0116666666667	0.0	0.0	0.00166666666667	0.0	0.00166666666667	0.005	0.0	0.00166666666667	0.00333333333333	0.00166666666667	0.0	0.0	0.0	0.0	0.0	0.0	0.00166666666667
D_0__Bacteria;D_1__Proteobacteria;D_2__Gammaproteobacteria;D_3__Coxiellales	0.0	0.0	0.0	0.0	0.0	0.0	0.0	0.0	0.0	0.0	0.0	0.0	0.0	0.0	0.00166666666667	0.00166666666667	0.0	0.0	0.0	0.0	0.0	0.0	0.0	0.0	0.00166666666667	0.0	0.0	0.0	0.0	0.0
D_0__Bacteria;D_1__Proteobacteria;D_2__Gammaproteobacteria;D_3__Diplorickettsiales	0.0	0.005	0.015	0.00166666666667	0.00666666666667	0.0	0.00833333333333	0.0	0.00166666666667	0.00333333333333	0.00666666666667	0.00166666666667	0.00166666666667	0.00833333333333	0.0	0.0	0.0	0.00166666666667	0.00166666666667	0.0	0.00166666666667	0.01	0.0	0.0	0.0	0.00166666666667	0.00166666666667	0.0	0.0	0.0
D_0__Bacteria;D_1__Proteobacteria;D_2__Gammaproteobacteria;D_3__EPR3968-O8a-Bc78	0.0	0.0	0.0	0.0	0.0	0.0	0.0	0.0	0.0	0.0	0.0	0.0	0.0	0.0	0.0	0.0	0.0	0.0	0.00166666666667	0.0	0.0	0.0	0.0	0.0	0.0	0.0	0.00166666666667	0.0	0.0	0.0
D_0__Bacteria;D_1__Proteobacteria;D_2__Gammaproteobacteria;D_3__Ectothiorhodospirales	0.00166666666667	0.0	0.00166666666667	0.0	0.0	0.0	0.0	0.0	0.0	0.0	0.0	0.0	0.0	0.0	0.0	0.0	0.00166666666667	0.0	0.0	0.0	0.0	0.0	0.0	0.0	0.0	0.0	0.0	0.0	0.0	0.0
D_0__Bacteria;D_1__Proteobacteria;D_2__Gammaproteobacteria;D_3__Enterobacteriales	0.0	0.0	0.0	0.0	0.0	0.0	0.0	0.00166666666667	0.00333333333333	0.00166666666667	0.0	0.0	0.0116666666667	0.0	0.0	0.00166666666667	0.00166666666667	0.0	0.0	0.0	0.0	0.0	0.0	0.00166666666667	0.00666666666667	0.0	0.0	0.0	0.0	0.0
D_0__Bacteria;D_1__Proteobacteria;D_2__Gammaproteobacteria;D_3__Ga0077536	0.0	0.0	0.0	0.0	0.0	0.0	0.0	0.0	0.0	0.0	0.0	0.0	0.0	0.0	0.0	0.0	0.0	0.0	0.0	0.0	0.0	0.0	0.0	0.0	0.00166666666667	0.0	0.0	0.0	0.0	0.0
D_0__Bacteria;D_1__Proteobacteria;D_2__Gammaproteobacteria;D_3__Gammaproteobacteria Incertae Sedis	0.0166666666667	0.00833333333333	0.015	0.005	0.00833333333333	0.0233333333333	0.00833333333333	0.00333333333333	0.0116666666667	0.005	0.0116666666667	0.02	0.00833333333333	0.0216666666667	0.00166666666667	0.00833333333333	0.015	0.005	0.00833333333333	0.01	0.0116666666667	0.0	0.00666666666667	0.0216666666667	0.00333333333333	0.005	0.00666666666667	0.005	0.005	0.02
D_0__Bacteria;D_1__Proteobacteria;D_2__Gammaproteobacteria;D_3__Immundisolibacterales	0.0	0.0	0.0	0.0	0.0	0.0	0.0	0.0	0.00166666666667	0.0	0.0	0.0	0.0	0.0	0.0	0.0	0.0	0.0	0.0	0.0	0.0	0.00166666666667	0.0	0.0	0.0	0.0	0.0	0.0	0.0	0.0
D_0__Bacteria;D_1__Proteobacteria;D_2__Gammaproteobacteria;D_3__JG36-GS-52	0.0	0.0	0.0	0.00166666666667	0.0	0.0	0.0	0.0	0.0	0.00333333333333	0.0	0.00166666666667	0.0	0.0	0.0	0.0	0.00166666666667	0.0	0.0	0.0	0.0	0.0	0.0	0.00166666666667	0.0	0.0	0.0	0.0	0.0	0.0
D_0__Bacteria;D_1__Proteobacteria;D_2__Gammaproteobacteria;D_3__JG36-TzT-191	0.00166666666667	0.00166666666667	0.0	0.0	0.0	0.0	0.00166666666667	0.0	0.0	0.0	0.0	0.0	0.0	0.0	0.0	0.0	0.0	0.0	0.0	0.0	0.0	0.0	0.0	0.0	0.0	0.0	0.0	0.0	0.0	0.0
D_0__Bacteria;D_1__Proteobacteria;D_2__Gammaproteobacteria;D_3__JTB23	0.0	0.0	0.0	0.0	0.0	0.0	0.0	0.0	0.0	0.0	0.0	0.0	0.0	0.0	0.0	0.00166666666667	0.0	0.0	0.0	0.0	0.0	0.0	0.0	0.0	0.00166666666667	0.0	0.0	0.0	0.0	0.0
D_0__Bacteria;D_1__Proteobacteria;D_2__Gammaproteobacteria;D_3__KF-JG30-C25	0.0	0.0	0.0	0.0	0.0	0.0	0.00333333333333	0.0	0.00166666666667	0.0	0.0	0.0	0.0	0.0	0.0	0.00166666666667	0.0	0.0	0.0	0.0	0.0	0.0	0.0	0.0	0.0	0.0	0.0	0.0	0.0	0.0
D_0__Bacteria;D_1__Proteobacteria;D_2__Gammaproteobacteria;D_3__Legionellales	0.0	0.0	0.0	0.00166666666667	0.00166666666667	0.0	0.0	0.0	0.0	0.0	0.0	0.0	0.0	0.0	0.00333333333333	0.0	0.0	0.0	0.0	0.0	0.0	0.0	0.0	0.0	0.0	0.00166666666667	0.0	0.0	0.0	0.0
D_0__Bacteria;D_1__Proteobacteria;D_2__Gammaproteobacteria;D_3__Methylococcales	0.0	0.0	0.0	0.0	0.0	0.0	0.0	0.0	0.0	0.0	0.0	0.0	0.0	0.0	0.00166666666667	0.0	0.0	0.0	0.0	0.0	0.0	0.0	0.0	0.0	0.0	0.0	0.0	0.0	0.0	0.0
D_0__Bacteria;D_1__Proteobacteria;D_2__Gammaproteobacteria;D_3__Nitrosococcales	0.0	0.0	0.0	0.0	0.0	0.0	0.0	0.0	0.0	0.0	0.0	0.0	0.0	0.0	0.0	0.0	0.0	0.0	0.00166666666667	0.0	0.0	0.00333333333333	0.0	0.0	0.0	0.0	0.0	0.0	0.00166666666667	0.0
D_0__Bacteria;D_1__Proteobacteria;D_2__Gammaproteobacteria;D_3__Oceanospirillales	0.0	0.0	0.0	0.0	0.0	0.0	0.0	0.0	0.0	0.0	0.00166666666667	0.0	0.00333333333333	0.0	0.0	0.0	0.0	0.0	0.00166666666667	0.0	0.0	0.0	0.0	0.0	0.0183333333333	0.0	0.0	0.0	0.0	0.00166666666667
D_0__Bacteria;D_1__Proteobacteria;D_2__Gammaproteobacteria;D_3__PLTA13	0.0	0.0	0.00666666666667	0.00666666666667	0.00166666666667	0.00666666666667	0.00166666666667	0.00166666666667	0.005	0.00166666666667	0.005	0.005	0.0	0.0	0.00166666666667	0.00166666666667	0.00166666666667	0.005	0.02	0.00166666666667	0.00333333333333	0.0116666666667	0.00166666666667	0.005	0.0	0.0	0.005	0.0	0.0133333333333	0.00333333333333
D_0__Bacteria;D_1__Proteobacteria;D_2__Gammaproteobacteria;D_3__Pseudomonadales	0.00333333333333	0.0	0.00333333333333	0.00166666666667	0.00833333333333	0.00333333333333	0.0133333333333	0.00333333333333	0.00166666666667	0.00333333333333	0.0	0.00333333333333	0.01	0.015	0.0	0.00333333333333	0.00166666666667	0.0	0.00333333333333	0.00333333333333	0.00166666666667	0.00166666666667	0.005	0.00333333333333	0.00666666666667	0.0	0.00166666666667	0.005	0.00166666666667	0.005
D_0__Bacteria;D_1__Proteobacteria;D_2__Gammaproteobacteria;D_3__R7C24	0.00166666666667	0.00166666666667	0.0	0.0	0.00333333333333	0.00333333333333	0.00833333333333	0.00333333333333	0.0	0.0	0.0	0.00666666666667	0.00333333333333	0.00166666666667	0.0	0.00333333333333	0.005	0.0	0.0	0.00166666666667	0.0	0.0	0.00166666666667	0.0	0.00166666666667	0.0	0.00166666666667	0.005	0.0	0.0
D_0__Bacteria;D_1__Proteobacteria;D_2__Gammaproteobacteria;D_3__Salinisphaerales	0.0	0.0	0.0	0.0	0.0	0.0	0.0	0.0	0.0	0.0	0.0	0.0	0.0	0.00166666666667	0.00166666666667	0.0	0.0	0.0	0.0	0.00166666666667	0.0	0.0	0.0	0.0	0.00166666666667	0.0	0.0	0.0	0.0	0.0
D_0__Bacteria;D_1__Proteobacteria;D_2__Gammaproteobacteria;D_3__Steroidobacterales	0.01	0.00333333333333	0.00666666666667	0.005	0.0133333333333	0.025	0.01	0.01	0.01	0.0133333333333	0.0116666666667	0.0266666666667	0.0116666666667	0.0183333333333	0.00333333333333	0.0233333333333	0.01	0.015	0.0183333333333	0.0116666666667	0.0116666666667	0.015	0.00833333333333	0.01	0.0183333333333	0.00833333333333	0.00833333333333	0.00666666666667	0.0116666666667	0.0166666666667
D_0__Bacteria;D_1__Proteobacteria;D_2__Gammaproteobacteria;D_3__WD260	0.0	0.0	0.0	0.0	0.0	0.0	0.0	0.0	0.0	0.0	0.00166666666667	0.0	0.0	0.0	0.0	0.0	0.0	0.0	0.0	0.0	0.0	0.0	0.0	0.0	0.0	0.0	0.0	0.0	0.0	0.0
D_0__Bacteria;D_1__Proteobacteria;D_2__Gammaproteobacteria;D_3__Xanthomonadales	0.00333333333333	0.00166666666667	0.0116666666667	0.00833333333333	0.00166666666667	0.01	0.02	0.00666666666667	0.00666666666667	0.005	0.01	0.005	0.02	0.0216666666667	0.00666666666667	0.01	0.005	0.00166666666667	0.0116666666667	0.005	0.00833333333333	0.00166666666667	0.005	0.00666666666667	0.00666666666667	0.0116666666667	0.01	0.00833333333333	0.00166666666667	0.015
D_0__Bacteria;D_1__Proteobacteria;D_2__Gammaproteobacteria;D_3__uncultured	0.0	0.0	0.0	0.0	0.0	0.0	0.0	0.0	0.0	0.0	0.0	0.0	0.0	0.00166666666667	0.0	0.0	0.0	0.0	0.0	0.0	0.0	0.0	0.0	0.0	0.0	0.0	0.0	0.0	0.0	0.0
D_0__Bacteria;D_1__Rokubacteria;D_2__NC10;D_3__Rokubacteriales	0.00333333333333	0.0	0.01	0.015	0.0216666666667	0.00666666666667	0.00166666666667	0.0183333333333	0.0116666666667	0.00666666666667	0.00166666666667	0.00166666666667	0.015	0.005	0.01	0.005	0.0166666666667	0.005	0.00166666666667	0.0116666666667	0.005	0.0183333333333	0.00833333333333	0.02	0.0	0.0266666666667	0.00833333333333	0.015	0.0266666666667	0.0166666666667
D_0__Bacteria;D_1__Spirochaetes;D_2__Spirochaetia;D_3__Spirochaetales	0.0	0.0	0.0	0.0	0.0	0.0	0.0	0.0	0.0	0.0	0.0	0.0	0.0	0.0	0.0	0.0	0.0	0.0	0.0	0.0	0.0	0.0	0.00166666666667	0.0	0.0	0.0	0.0	0.0	0.0	0.0
D_0__Bacteria;D_1__Tenericutes;D_2__Mollicutes;D_3__Entomoplasmatales	0.0	0.0	0.0	0.0	0.0	0.0	0.0	0.0	0.00166666666667	0.0	0.0	0.0	0.0	0.0	0.0	0.0	0.0	0.0	0.0	0.0	0.0	0.0	0.0	0.0	0.0	0.0	0.0	0.0	0.0	0.0
D_0__Bacteria;D_1__Tenericutes;D_2__Mollicutes;D_3__Mycoplasmatales	0.0	0.0	0.0	0.0	0.0	0.0	0.0	0.0	0.0	0.0	0.0	0.00166666666667	0.00333333333333	0.0	0.0	0.0	0.0	0.0	0.0	0.0	0.0	0.0	0.0	0.0	0.0	0.0	0.0	0.0	0.0	0.0
D_0__Bacteria;D_1__Verrucomicrobia;D_2__Verrucomicrobiae;D_3__Chthoniobacterales	0.0983333333333	0.143333333333	0.116666666667	0.0466666666667	0.0466666666667	0.106666666667	0.08	0.151666666667	0.0516666666667	0.0966666666667	0.0683333333333	0.045	0.0666666666667	0.0883333333333	0.0566666666667	0.0716666666667	0.121666666667	0.106666666667	0.0433333333333	0.0666666666667	0.138333333333	0.0166666666667	0.06	0.0383333333333	0.02	0.045	0.09	0.065	0.0683333333333	0.05
D_0__Bacteria;D_1__Verrucomicrobia;D_2__Verrucomicrobiae;D_3__Methylacidiphilales	0.0	0.0	0.0	0.0	0.0	0.0	0.0	0.0	0.0	0.0	0.0	0.0	0.0	0.0	0.0	0.0	0.0	0.0	0.0	0.0	0.0	0.00166666666667	0.0	0.0	0.0	0.0	0.0	0.0	0.0	0.0
D_0__Bacteria;D_1__Verrucomicrobia;D_2__Verrucomicrobiae;D_3__Opitutales	0.00666666666667	0.00666666666667	0.01	0.00166666666667	0.005	0.0133333333333	0.00666666666667	0.00666666666667	0.00333333333333	0.00333333333333	0.01	0.0166666666667	0.00333333333333	0.00666666666667	0.00166666666667	0.01	0.005	0.005	0.00333333333333	0.00666666666667	0.005	0.00333333333333	0.00833333333333	0.00166666666667	0.00666666666667	0.00666666666667	0.00333333333333	0.00166666666667	0.00166666666667	0.00666666666667
D_0__Bacteria;D_1__Verrucomicrobia;D_2__Verrucomicrobiae;D_3__Pedosphaerales	0.0533333333333	0.0433333333333	0.0433333333333	0.0266666666667	0.0116666666667	0.02	0.02	0.0316666666667	0.045	0.035	0.0383333333333	0.0466666666667	0.015	0.025	0.0516666666667	0.0416666666667	0.0366666666667	0.0366666666667	0.0166666666667	0.0183333333333	0.0383333333333	0.045	0.04	0.0383333333333	0.0183333333333	0.01	0.0166666666667	0.07	0.02	0.03
D_0__Bacteria;D_1__Verrucomicrobia;D_2__Verrucomicrobiae;D_3__S-BQ2-57 soil group	0.0	0.0	0.0	0.00166666666667	0.0	0.0	0.0	0.0	0.0	0.0	0.0	0.0	0.0	0.0	0.0	0.0	0.0	0.0	0.0	0.0	0.0	0.0	0.0	0.0	0.0	0.0	0.0	0.0	0.0	0.0
D_0__Bacteria;D_1__Verrucomicrobia;D_2__Verrucomicrobiae;D_3__UA11	0.0	0.0	0.0	0.0	0.0	0.0	0.0	0.00166666666667	0.0	0.0	0.0	0.0	0.0	0.0	0.0	0.0	0.0	0.0	0.0	0.0	0.0	0.0	0.0	0.0	0.0	0.0	0.0	0.0	0.0	0.0
D_0__Bacteria;D_1__Verrucomicrobia;D_2__Verrucomicrobiae;D_3__Verrucomicrobiales	0.00166666666667	0.00333333333333	0.00833333333333	0.00166666666667	0.01	0.00333333333333	0.00666666666667	0.0	0.0	0.01	0.00166666666667	0.005	0.005	0.00666666666667	0.00166666666667	0.01	0.00833333333333	0.005	0.00333333333333	0.00666666666667	0.015	0.00333333333333	0.0	0.00333333333333	0.00666666666667	0.005	0.0	0.005	0.0	0.00833333333333
D_0__Bacteria;D_1__Verrucomicrobia;D_2__Verrucomicrobiae;D_3__uncultured	0.0	0.00166666666667	0.0	0.0	0.0	0.00166666666667	0.0	0.0	0.0	0.0	0.0	0.0	0.0	0.0	0.0	0.0	0.0	0.0	0.0	0.0	0.0	0.0	0.0	0.0	0.0	0.0	0.0	0.0	0.0	0.0
D_0__Bacteria;D_1__WPS-2;D_2__uncultured bacterium;D_3__uncultured bacterium	0.0	0.00166666666667	0.0	0.0	0.0	0.0	0.0	0.0	0.0	0.0	0.0	0.0	0.0	0.0	0.0	0.0	0.0	0.0	0.0	0.0	0.0	0.0	0.0	0.0	0.0	0.0	0.0	0.0	0.0	0.0